Rk,Player,Pos,Age,Tm,G,MP,PER,TS%,3PAr,FTr,ORB%,DRB%,TRB%,AST%,STL%,BLK%,TOV%,USG%,,OWS,DWS,WS,WS/48,,OBPM,DBPM,BPM,VORP
1,Shaquille O'Neal*\onealsh01,C,28,LAL,74,2924,30.2,.574,.001,.684,11.3,24.8,18.1,18.8,0.8,4.9,10.5,31.6,,11.1,3.9,14.9,.245,,7.0,0.7,7.7,7.1
2,Dirk Nowitzki\nowitdi01,PF,22,DAL,82,3125,22.8,.601,.313,.431,4.4,22.1,13.5,9.4,1.3,2.3,9.5,23.8,,10.3,4.3,14.6,.224,,4.9,0.5,5.4,5.9
3,Ray Allen*\allenra02,SG,25,MIL,82,3129,22.9,.610,.357,.299,3.7,11.8,7.8,20.4,2.1,0.5,12.1,24.4,,11.5,2.2,13.7,.211,,5.7,-0.3,5.5,5.9
4,Tim Duncan*\duncati01,PF,24,SAS,82,3174,23.8,.536,.019,.471,9.7,25.1,17.8,15.3,1.2,4.2,12.5,28.7,,6.2,7.1,13.2,.200,,2.9,1.8,4.7,5.4
5,Karl Malone*\malonka01,PF,37,UTA,81,2895,24.7,.572,.004,.503,5.0,23.3,14.3,24.1,1.7,1.7,12.9,30.0,,9.1,4.0,13.1,.217,,5.5,1.1,6.6,6.3
6,Vince Carter\cartevi01,SF,24,TOR,75,2979,25.0,.551,.240,.303,6.5,9.3,7.9,19.2,2.0,1.9,8.2,30.7,,10.3,2.6,12.9,.208,,7.6,0.1,7.6,7.2
7,Steve Francis\francst01,PG,23,HOU,80,3194,21.6,.563,.276,.359,7.1,12.8,10.0,28.4,2.3,0.7,15.8,24.2,,9.2,3.0,12.2,.184,,4.5,0.5,5.0,5.7
8,Tracy McGrady*\mcgratr01,SG,21,ORL,77,3087,24.9,.521,.096,.340,6.7,14.3,10.4,22.8,1.9,2.8,9.1,31.2,,8.3,3.9,12.2,.189,,6.5,0.5,7.0,7.0
9,David Robinson*\robinda01,C,35,SAS,80,2371,23.7,.559,.001,.571,10.4,22.0,16.5,8.8,1.8,5.8,10.6,22.8,,6.4,5.7,12.1,.246,,2.5,2.7,5.2,4.3
10,Kevin Garnett*\garneke01,PF,24,MIN,81,3202,23.9,.531,.045,.317,7.7,25.3,16.4,21.8,1.8,3.2,12.0,27.0,,7.0,4.8,11.8,.176,,4.5,1.4,6.0,6.4
11,Allen Iverson*\iversal01,SG,25,PHI,71,2979,24.0,.518,.169,.397,1.9,8.3,5.2,23.0,3.2,0.5,10.0,35.9,,7.3,4.5,11.8,.190,,5.0,1.1,6.1,6.1
12,Shawn Marion\mariosh01,SF,22,PHO,79,2857,21.0,.532,.071,.249,8.6,25.4,16.8,10.2,2.4,2.7,9.1,22.1,,5.3,6.4,11.7,.196,,2.3,1.8,4.1,4.4
13,Anthony Mason\masonan01,PF,34,MIA,80,3254,17.4,.555,.000,.497,6.2,21.9,14.1,14.2,1.4,0.6,13.3,20.0,,6.0,5.6,11.6,.171,,0.8,1.1,1.9,3.2
14,Kobe Bryant*\bryanko01,SG,22,LAL,68,2783,24.5,.552,.132,.369,4.3,11.8,8.1,23.0,2.1,1.1,11.1,31.8,,9.2,2.2,11.3,.196,,5.1,-0.3,4.8,4.7
15,Rasheed Wallace\wallara01,PF,26,POR,77,2940,20.9,.560,.138,.272,6.2,17.9,12.2,12.9,1.6,3.4,10.7,23.4,,6.8,4.2,11.0,.180,,3.3,1.1,4.4,4.8
16,Chris Webber\webbech01,PF,27,SAC,70,2836,24.7,.516,.017,.282,7.0,22.1,14.8,20.6,1.7,2.8,9.6,31.6,,5.8,5.2,11.0,.186,,4.0,1.4,5.5,5.3
17,Gary Payton*\paytoga01,PG,32,SEA,79,3244,22.1,.522,.171,.223,2.6,10.1,6.4,36.6,2.1,0.6,10.7,27.2,,9.1,1.7,10.8,.160,,4.7,-0.7,4.0,4.9
18,John Stockton*\stockjo01,PG,38,UTA,82,2397,22.3,.610,.203,.427,2.9,8.8,5.9,48.7,2.9,0.7,20.8,18.8,,8.2,2.6,10.8,.216,,5.5,1.2,6.7,5.3
19,Paul Pierce\piercpa01,SF,23,BOS,82,3120,22.3,.563,.254,.488,3.4,16.7,9.8,16.9,2.3,1.7,12.5,30.6,,6.9,3.5,10.4,.160,,4.5,-0.1,4.4,5.0
20,Marcus Camby\cambyma01,C,26,NYK,63,2127,20.9,.559,.014,.388,11.5,29.0,20.5,4.5,1.7,5.2,8.5,17.0,,4.8,5.5,10.3,.233,,2.0,2.5,4.6,3.5
21,Reggie Miller*\millere01,SG,35,IND,81,3181,17.3,.574,.395,.296,1.4,8.5,5.1,15.0,1.4,0.3,9.1,21.5,,8.1,2.2,10.3,.155,,2.8,-0.6,2.3,3.4
22,Peja Stojaković\stojape01,SF,23,SAC,75,2905,18.4,.576,.303,.262,3.5,12.3,8.0,9.6,1.6,0.3,9.9,22.4,,6.8,3.3,10.1,.168,,2.8,-0.3,2.5,3.2
23,Derek Anderson\anderde01,SG,26,SAS,82,2859,17.1,.542,.255,.405,3.1,10.9,7.2,18.1,2.2,0.3,12.4,21.9,,5.6,4.3,9.9,.166,,1.2,1.2,2.4,3.2
24,Jason Kidd*\kiddja01,PG,27,PHO,77,3065,19.4,.510,.211,.367,3.3,15.2,9.1,41.2,2.8,0.5,18.3,22.7,,4.2,5.4,9.6,.150,,2.4,1.7,4.2,4.8
25,Jerry Stackhouse\stackje01,SG,26,DET,80,3215,21.8,.521,.245,.420,3.2,7.3,5.2,25.8,1.5,1.2,12.5,35.2,,6.6,2.6,9.2,.137,,5.8,-0.7,5.1,5.8
26,Baron Davis\davisba01,PG,21,CHH,82,3192,16.6,.512,.286,.352,4.6,9.9,7.3,32.5,2.9,0.8,17.0,19.2,,4.2,4.7,8.9,.134,,1.0,1.4,2.4,3.6
27,Darrell Armstrong\armstda01,PG,32,ORL,75,2767,18.6,.535,.402,.249,3.7,10.2,6.9,31.3,2.5,0.3,15.2,21.0,,5.8,2.9,8.7,.151,,3.2,0.1,3.3,3.6
28,Doug Christie\chrisdo01,SG,30,SAC,81,2939,14.8,.538,.317,.396,3.6,9.3,6.5,14.6,3.2,1.0,14.3,16.2,,4.3,4.4,8.7,.141,,0.0,2.3,2.3,3.2
29,Brian Grant\grantbr01,C,28,MIA,82,2771,17.5,.536,.001,.350,9.3,21.5,15.4,7.2,1.2,2.0,12.7,23.4,,3.7,5.0,8.7,.151,,-0.3,0.3,0.0,1.4
30,Clarence Weatherspoon\weathcl01,PF,30,CLE,82,2774,17.4,.563,.000,.421,9.3,23.9,16.6,6.2,1.6,2.8,12.0,15.2,,5.2,3.4,8.6,.148,,1.3,0.2,1.4,2.4
31,Shareef Abdur-Rahim\abdursh01,SF,24,VAN,81,3241,19.1,.549,.050,.415,6.2,19.6,13.0,14.3,1.5,1.6,13.2,24.6,,5.6,2.9,8.5,.126,,1.7,0.1,1.8,3.1
32,Terrell Brandon\brandte01,PG,30,MIN,78,2821,20.0,.507,.080,.198,2.4,9.7,6.0,33.7,3.0,0.5,11.2,22.2,,5.8,2.7,8.5,.145,,2.6,0.5,3.1,3.6
33,Sam Cassell\cassesa01,PG,31,MIL,76,2709,20.1,.542,.087,.285,1.9,10.1,6.1,36.4,1.7,0.2,14.7,24.9,,7.0,1.4,8.5,.150,,2.5,-1.5,1.1,2.1
34,Michael Finley\finlemi01,SF,27,DAL,82,3443,18.2,.521,.169,.209,3.6,10.0,6.9,18.3,1.8,0.7,10.1,24.9,,5.6,2.9,8.5,.119,,2.4,-0.5,1.9,3.4
35,Donyell Marshall\marshdo01,SF,27,UTA,81,2326,19.9,.568,.151,.322,9.4,20.6,15.1,10.1,2.0,2.7,11.7,21.7,,5.1,3.3,8.5,.174,,3.2,0.6,3.7,3.4
36,Steve Nash*\nashst01,PG,26,DAL,70,2387,19.6,.603,.277,.326,2.2,8.1,5.2,34.6,1.6,0.1,18.5,21.1,,6.8,1.6,8.4,.169,,3.8,-1.1,2.8,2.9
37,Cuttino Mobley\moblecu01,SG,25,HOU,79,3002,17.7,.541,.208,.390,3.3,11.8,7.7,11.5,1.5,0.6,10.4,24.3,,6.2,2.0,8.2,.130,,1.7,-0.8,0.9,2.2
38,Steve Smith\smithst01,SG,31,POR,81,2542,15.9,.587,.292,.440,4.2,8.4,6.4,13.6,1.0,0.7,12.7,19.7,,6.6,1.6,8.2,.155,,1.5,-0.9,0.6,1.7
39,Kurt Thomas\thomaku01,PF,28,NYK,77,2125,16.9,.566,.005,.342,10.1,18.9,14.6,5.4,1.6,2.6,12.3,18.5,,4.1,4.1,8.2,.185,,-0.3,1.4,1.2,1.7
40,Dikembe Mutombo*\mutomdi01,C,34,TOT,75,2591,17.5,.547,.000,.523,13.3,30.5,21.9,4.7,0.6,5.6,17.4,14.3,,3.4,4.7,8.1,.151,,0.4,1.3,1.7,2.4
41,P.J. Brown\brownpj01,C,31,CHH,80,2811,13.3,.518,.007,.373,10.5,19.6,15.1,7.3,1.5,2.4,14.2,12.5,,3.4,4.7,8.0,.137,,-1.3,0.9,-0.4,1.1
42,Rashard Lewis\lewisra02,PF,21,SEA,78,2720,17.3,.587,.321,.240,6.1,16.7,11.4,7.6,1.8,1.2,11.6,18.4,,5.9,2.1,8.0,.142,,2.4,-0.4,2.1,2.8
43,Andre Miller\millean02,PG,24,CLE,82,2848,20.1,.541,.064,.450,3.8,10.8,7.3,40.5,2.2,0.7,18.1,23.2,,6.1,1.9,8.0,.136,,3.0,-0.2,2.8,3.4
44,Eddie Jones\jonesed02,SG,29,MIA,63,2282,18.8,.553,.273,.310,3.9,11.3,7.6,14.8,2.7,2.0,12.0,23.9,,3.9,4.0,7.9,.166,,2.5,2.1,4.6,3.8
45,Bo Outlaw\outlabo01,PF,29,ORL,80,2534,15.7,.623,.005,.611,9.0,18.3,13.6,13.3,2.1,4.0,23.2,10.6,,3.9,4.0,7.9,.150,,0.4,2.6,3.1,3.2
46,Stephon Marbury\marbust01,PG,23,NJN,67,2557,22.7,.540,.262,.359,2.3,7.0,4.6,40.8,1.6,0.1,11.8,29.7,,7.2,0.7,7.8,.147,,5.9,-1.6,4.3,4.1
47,Antonio McDyess\mcdyean01,PF,26,DEN,70,2555,22.0,.538,.000,.373,10.1,26.1,18.0,10.8,0.9,2.7,10.7,26.5,,5.2,2.6,7.8,.146,,2.5,-0.8,1.7,2.4
48,David Wesley\wesleda01,SG,30,CHH,82,3106,15.3,.509,.208,.274,2.4,5.9,4.1,21.7,2.2,0.4,11.0,23.1,,4.2,3.4,7.6,.117,,0.4,0.0,0.4,1.9
49,Allan Houston\houstal01,SG,29,NYK,78,2858,16.1,.543,.209,.254,0.9,10.8,6.0,12.0,1.0,0.3,10.7,25.7,,4.1,3.5,7.5,.126,,1.3,-0.1,1.1,2.2
50,Vlade Divac*\divacvl01,C,32,SAC,81,2420,17.7,.536,.019,.464,9.5,20.2,15.0,15.2,1.8,2.6,17.4,20.1,,3.1,4.3,7.4,.147,,0.3,1.6,1.9,2.4
51,Wally Szczerbiak\szczewa02,SF,23,MIN,82,2856,15.8,.566,.084,.226,5.3,12.7,8.9,14.5,1.1,0.8,12.0,18.2,,5.7,1.7,7.4,.125,,1.2,-0.8,0.4,1.7
52,Jamal Mashburn\mashbja01,SF,28,CHH,76,2989,17.5,.493,.208,.262,3.5,18.4,11.0,26.8,1.5,0.3,12.0,27.1,,3.1,4.2,7.3,.118,,2.1,0.0,2.1,3.1
53,Jalen Rose\roseja01,SF,28,IND,72,2943,17.8,.530,.140,.277,1.5,12.0,6.9,28.7,1.2,1.0,13.2,25.5,,4.8,2.5,7.3,.119,,2.1,-0.4,1.8,2.7
54,Travis Best\besttr01,PG,28,IND,77,2457,16.7,.517,.123,.287,1.8,8.2,5.1,34.0,2.4,0.3,12.5,19.3,,4.8,2.3,7.2,.140,,0.8,0.6,1.4,2.1
55,Antonio Davis\davisan01,C,32,TOR,78,2729,16.5,.508,.001,.488,11.0,21.7,16.2,6.2,0.4,3.9,11.4,19.5,,4.2,3.1,7.2,.127,,-0.3,-0.8,-1.1,0.6
56,Ben Wallace\wallabe01,C,26,DET,80,2760,14.8,.470,.009,.542,11.5,29.6,20.4,6.8,2.0,4.8,17.7,10.4,,1.0,6.0,7.0,.121,,-0.6,2.5,1.9,2.7
57,Jeff McInnis\mcinnje01,PG,26,LAC,81,2831,15.6,.521,.154,.173,1.7,7.0,4.4,27.7,1.4,0.2,10.1,18.2,,5.8,1.1,6.9,.117,,0.6,-0.9,-0.3,1.2
58,Raef LaFrentz\lafrera01,C,24,DEN,78,2457,17.6,.544,.171,.323,7.6,19.4,13.4,7.3,0.8,5.8,9.5,18.6,,4.3,2.5,6.8,.132,,0.1,0.7,0.8,1.8
59,Bryon Russell\russebr01,SF,30,UTA,78,2473,14.1,.565,.329,.407,4.8,11.6,8.3,10.4,2.1,0.7,12.0,17.5,,4.5,2.3,6.8,.133,,1.1,0.2,1.3,2.0
60,Antawn Jamison\jamisan01,SF,24,GSW,82,3394,19.0,.499,.113,.295,8.1,14.8,11.2,9.5,1.7,0.6,8.9,27.9,,5.4,1.3,6.7,.094,,2.8,-2.0,0.8,2.3
61,Glenn Robinson\robingl01,SF,28,MIL,76,2813,20.1,.525,.126,.210,5.0,16.1,10.6,16.5,1.6,1.6,12.1,29.2,,4.2,2.5,6.7,.114,,2.3,-1.0,1.3,2.4
62,Damon Stoudamire\stoudda01,PG,27,POR,82,2655,16.3,.519,.234,.221,3.2,10.2,6.8,29.1,2.1,0.2,15.7,21.3,,4.1,2.5,6.7,.121,,1.1,-0.1,1.0,2.0
63,Antonio Daniels\daniean01,PG,25,SAS,79,2060,15.5,.567,.311,.265,1.5,7.2,4.5,24.9,1.6,0.5,14.2,17.5,,4.1,2.4,6.6,.153,,1.3,0.4,1.7,1.9
64,Dale Davis\davisda01,C,31,POR,81,2162,15.1,.524,.008,.312,13.3,19.9,16.7,7.4,1.1,2.6,10.8,13.4,,3.8,2.8,6.6,.147,,0.3,-0.1,0.2,1.2
65,Antoine Walker\walkean02,PF,24,BOS,81,3396,18.9,.505,.351,.202,5.0,20.4,12.3,26.8,2.1,1.1,13.8,29.1,,2.7,3.8,6.6,.093,,3.5,-0.5,3.0,4.3
66,Horace Grant\grantho01,PF,35,LAL,77,2390,14.3,.511,.005,.297,10.5,15.2,12.9,7.5,1.1,1.8,6.9,12.9,,4.8,1.7,6.5,.130,,0.6,-0.6,0.0,1.2
67,George Lynch\lynchge01,SF,30,PHI,82,2649,12.4,.496,.093,.278,8.7,16.3,12.6,8.4,2.0,0.8,13.6,13.7,,2.3,4.2,6.5,.118,,-0.8,1.3,0.5,1.7
68,Lamar Odom\odomla01,PF,21,LAC,76,2836,18.9,.536,.242,.369,4.6,18.9,11.9,25.0,1.4,3.0,17.8,24.1,,3.2,3.3,6.5,.111,,2.9,1.1,4.0,4.3
69,Jason Terry\terryja01,SG,23,ATL,82,3089,17.3,.531,.230,.262,1.5,8.2,4.9,24.3,1.8,0.3,13.6,25.5,,4.9,1.6,6.5,.100,,2.3,-1.0,1.3,2.6
70,Elden Campbell\campbel01,PF,32,CHH,78,2337,16.4,.505,.007,.487,7.7,21.9,14.8,8.1,1.4,4.4,12.4,22.8,,1.9,4.5,6.4,.131,,-1.4,1.2,-0.3,1.0
71,Tim Hardaway\hardati01,PG,34,MIA,77,2613,16.7,.513,.496,.174,1.2,8.1,4.6,35.5,1.9,0.2,14.4,24.3,,3.1,3.3,6.4,.118,,2.8,-0.5,2.4,2.8
72,Jermaine O'Neal\onealje01,C,22,IND,81,2641,17.5,.501,.006,.447,11.0,22.7,17.0,6.7,1.0,6.2,13.4,21.2,,1.7,4.7,6.4,.116,,-0.8,1.0,0.3,1.5
73,Nick Van Exel\vanexni01,PG,29,DEN,71,2688,18.5,.515,.322,.224,1.8,8.1,4.9,38.4,1.2,0.5,11.9,23.0,,6.1,0.3,6.4,.114,,4.0,-2.0,1.9,2.7
74,Shawn Bradley\bradlsh01,C,28,DAL,82,2001,16.2,.551,.013,.398,9.2,24.4,17.0,2.8,0.9,8.1,14.3,13.9,,2.5,3.8,6.3,.151,,-1.0,2.5,1.6,1.8
75,Elton Brand\brandel01,PF,21,CHI,74,2906,20.4,.524,.002,.388,11.2,19.6,15.2,17.0,1.3,3.0,13.3,26.3,,4.1,2.0,6.1,.101,,2.2,-1.2,1.1,2.2
76,Fred Hoiberg\hoibefr01,SG,28,CHI,74,2247,15.3,.597,.505,.317,1.1,15.8,8.1,19.9,2.3,0.4,11.6,13.2,,4.6,1.3,5.9,.126,,0.8,0.4,1.2,1.8
77,Mark Jackson\jacksma01,PG,35,TOT,83,2588,14.9,.506,.355,.160,2.8,10.9,6.8,39.3,1.7,0.2,21.9,14.2,,3.6,2.3,5.9,.110,,1.3,-0.2,1.0,2.0
78,Aaron McKie\mckieaa01,SG,28,PHI,76,2394,15.1,.549,.238,.272,1.6,12.9,7.3,26.7,2.3,0.2,20.3,18.9,,2.3,3.5,5.9,.118,,0.1,1.3,1.4,2.1
79,Bonzi Wells\wellsbo01,SF,24,POR,75,1995,18.8,.571,.069,.331,7.4,14.3,11.0,18.4,2.5,0.7,16.9,23.3,,3.4,2.6,5.9,.143,,1.5,0.7,2.3,2.1
80,Brent Barry\barrybr01,SG,29,SEA,67,1778,16.6,.660,.571,.257,2.1,11.4,6.8,19.4,2.4,0.6,16.2,13.5,,4.6,1.2,5.8,.157,,2.3,0.9,3.3,2.4
81,Glen Rice\ricegl01,SF,33,NYK,75,2212,13.7,.540,.281,.242,3.4,13.0,8.4,7.4,1.0,0.5,10.3,20.5,,2.7,2.9,5.7,.123,,0.5,0.1,0.5,1.4
82,Tyrone Hill\hillty01,PF,32,PHI,76,2363,12.4,.515,.002,.465,11.7,21.0,16.4,3.3,0.8,0.8,15.2,16.0,,2.0,3.5,5.5,.111,,-1.7,-0.8,-2.4,-0.3
83,Ruben Patterson\patteru01,SF,25,SEA,76,2059,19.3,.544,.048,.482,10.3,11.0,10.7,13.4,2.6,1.6,14.6,23.3,,3.8,1.7,5.5,.128,,2.0,-0.1,1.9,2.1
84,Eric Piatkowski\piatker01,SG,30,LAC,81,2144,14.6,.572,.442,.269,3.0,9.7,6.4,7.6,1.1,0.6,9.2,17.8,,4.5,1.0,5.5,.123,,1.5,-0.8,0.7,1.4
85,Tim Thomas\thomati01,PF,23,MIL,76,2086,16.4,.549,.343,.334,4.3,12.6,8.5,10.5,1.9,1.6,11.6,21.3,,3.7,1.7,5.5,.126,,1.8,-0.3,1.5,1.8
86,Scot Pollard\pollasc01,C,25,SAC,77,1658,15.0,.530,.005,.433,11.5,18.5,15.1,4.2,1.5,3.9,12.3,14.3,,2.5,2.9,5.4,.157,,-1.2,0.9,-0.3,0.7
87,Terry Porter\portete01,PG,37,SAS,80,1678,15.5,.583,.466,.264,1.7,11.4,6.8,24.5,1.7,0.5,17.5,16.7,,3.0,2.3,5.4,.154,,1.6,1.0,2.6,2.0
88,Clifford Robinson\robincl02,PF,34,PHO,82,2751,14.8,.501,.210,.301,4.2,9.6,6.9,15.4,1.6,2.2,12.2,24.8,,1.6,3.9,5.4,.095,,0.5,0.4,0.9,2.0
89,Alvin Williams\willial02,SG,26,TOR,82,2394,15.2,.483,.141,.189,2.3,7.8,5.0,27.2,2.7,0.8,11.0,17.4,,3.3,2.1,5.4,.109,,-0.1,0.9,0.8,1.7
90,Mike Bibby\bibbymi01,PG,22,VAN,82,3190,16.8,.525,.246,.162,1.7,9.2,5.5,38.3,1.8,0.3,16.7,21.3,,4.0,1.4,5.3,.081,,2.0,-1.2,0.7,2.2
91,Mike Miller\millemi01,SF,20,ORL,82,2390,13.2,.541,.431,.151,3.0,12.4,7.6,9.7,1.1,0.6,9.7,18.5,,3.3,1.9,5.3,.106,,0.7,-0.9,-0.2,1.0
92,LaPhonso Ellis\ellisla01,PF,30,MIN,82,1948,16.0,.524,.034,.333,11.6,17.5,14.5,7.5,1.8,2.7,12.8,19.6,,2.9,2.3,5.2,.127,,-0.9,-0.3,-1.2,0.4
93,Theo Ratliff\ratlith01,C,27,PHI,50,1800,16.3,.562,.000,.475,8.0,17.7,13.0,5.3,0.9,7.6,18.6,17.0,,1.7,3.5,5.2,.138,,-1.1,2.7,1.6,1.6
94,Aaron Williams\williaa01,PF,29,NJN,82,2336,15.1,.533,.003,.477,10.1,19.2,14.5,6.5,1.3,3.6,14.4,17.8,,2.9,2.3,5.2,.107,,-1.3,-0.3,-1.6,0.2
95,Rick Fox\foxri01,SF,31,LAL,82,2291,13.8,.562,.464,.189,4.0,11.9,8.0,17.4,1.6,0.9,16.3,16.3,,3.7,1.4,5.1,.107,,0.8,-0.3,0.5,1.4
96,Ervin Johnson\johnser02,C,33,MIL,82,1981,11.2,.557,.000,.470,11.8,23.2,17.5,2.8,1.2,3.6,16.4,6.5,,2.6,2.5,5.1,.123,,-1.3,0.5,-0.8,0.6
97,Scottie Pippen*\pippesc01,SF,35,POR,64,2133,15.3,.541,.312,.270,4.1,14.2,9.3,21.8,2.4,1.2,18.8,17.9,,2.4,2.7,5.1,.115,,1.0,1.2,2.2,2.3
98,Latrell Sprewell\sprewla01,SF,30,NYK,77,3017,15.1,.497,.111,.288,2.0,11.6,7.0,17.2,1.9,0.8,13.7,25.8,,0.5,4.6,5.1,.082,,0.0,0.8,0.7,2.1
99,Hakeem Olajuwon*\olajuha01,C,38,HOU,58,1545,20.7,.526,.002,.349,9.5,22.4,16.1,8.3,2.4,4.0,11.0,21.9,,2.4,2.6,5.0,.155,,1.3,1.5,2.8,1.9
100,Bryant Stith\stithbr01,SG,30,BOS,78,2504,11.7,.538,.396,.339,2.9,10.7,6.6,11.2,1.9,0.4,11.4,14.4,,3.1,1.7,4.8,.093,,-0.9,-0.2,-1.1,0.6
101,Toni Kukoč\kukocto01,SF,32,TOT,65,1597,17.8,.553,.270,.275,4.7,13.5,9.1,22.7,1.6,0.5,14.5,21.5,,2.9,1.7,4.7,.140,,3.0,0.2,3.2,2.1
102,Rodney Rogers\rogerro01,SF,29,PHO,82,2183,14.6,.507,.216,.282,4.8,14.0,9.3,14.5,2.3,1.6,13.8,23.3,,1.0,3.7,4.7,.104,,-0.7,1.3,0.6,1.4
103,Tony Delk\delkto01,SG,27,PHO,82,2288,13.4,.490,.182,.255,3.7,9.3,6.5,12.1,1.7,0.5,9.0,22.0,,1.7,2.9,4.6,.096,,-0.7,0.1,-0.6,0.8
104,Lindsey Hunter\hunteli01,PG,30,MIL,82,2002,14.8,.500,.520,.123,1.8,7.7,4.8,17.4,2.7,0.4,7.6,20.2,,3.1,1.4,4.6,.109,,1.1,0.1,1.2,1.6
105,Howard Eisley\eisleho01,SG,28,DAL,82,2426,11.7,.507,.399,.187,1.1,7.8,4.5,18.2,2.1,0.4,12.3,15.6,,2.4,2.0,4.4,.087,,-0.5,0.6,0.0,1.2
106,Juwan Howard\howarju01,PF,27,TOT,81,2974,16.0,.527,.002,.314,6.6,15.6,11.1,13.9,1.3,0.9,14.9,24.6,,2.8,1.6,4.4,.071,,0.0,-1.2,-1.2,0.6
107,Moochie Norris\norrimo01,PG,27,HOU,82,1654,16.2,.546,.215,.470,3.2,10.5,6.9,27.1,2.2,0.1,17.7,16.8,,3.1,1.2,4.4,.126,,0.9,0.1,1.0,1.2
108,Joe Smith\smithjo02,PF,25,DET,69,1941,14.6,.475,.007,.375,8.7,18.6,13.5,7.1,1.2,1.8,9.0,21.9,,1.9,2.5,4.4,.110,,-1.6,-0.2,-1.9,0.1
109,Christian Laettner\laettch01,C-PF,31,TOT,78,1663,17.0,.568,.024,.370,8.1,16.9,12.5,12.7,2.2,2.0,17.6,21.1,,2.5,1.8,4.3,.124,,0.0,0.7,0.6,1.1
110,Bruce Bowen\bowenbr01,SF,29,MIA,82,2685,8.1,.478,.528,.277,2.0,8.8,5.4,8.2,1.7,1.5,10.2,13.1,,0.5,3.7,4.2,.075,,-2.6,1.5,-1.1,0.6
111,Danny Ferry\ferryda01,SF,34,SAS,80,1688,10.1,.577,.416,.080,3.9,10.7,7.5,6.8,0.9,0.9,11.4,12.2,,2.1,2.0,4.1,.117,,-0.6,0.6,0.0,0.8
112,Larry Johnson\johnsla02,PF,31,NYK,65,2105,11.2,.493,.273,.214,5.3,15.2,10.4,10.5,1.0,1.1,12.9,17.4,,1.0,3.1,4.1,.093,,-1.0,0.9,-0.1,1.0
113,Eddie Robinson\robined01,SF,24,CHH,67,1201,17.9,.559,.010,.216,5.7,13.1,9.4,9.4,2.2,2.0,8.8,18.8,,2.1,1.8,4.0,.159,,1.4,1.1,2.5,1.4
114,Shandon Anderson\andersh01,SG,27,HOU,82,2396,11.9,.528,.288,.319,3.6,12.3,8.0,12.5,1.8,1.2,16.3,15.4,,1.9,2.0,3.9,.078,,-1.1,0.7,-0.4,0.9
115,Corey Maggette\maggeco01,SF,21,LAC,69,1359,18.2,.562,.115,.591,7.6,16.6,12.3,10.8,1.4,0.5,14.7,24.5,,2.7,1.1,3.9,.137,,1.2,-1.0,0.2,0.7
116,Charlie Ward\wardch01,PG,30,NYK,61,1492,14.5,.536,.469,.188,2.7,10.0,6.4,31.1,2.6,0.5,21.7,16.9,,1.5,2.4,3.9,.127,,0.6,1.5,2.1,1.5
117,Greg Ostertag\ostergr01,C,27,UTA,81,1491,13.3,.522,.007,.537,13.9,20.4,17.3,2.3,0.8,7.7,15.3,12.7,,1.5,2.3,3.8,.121,,-1.8,1.0,-0.8,0.4
118,James Posey\poseyja01,SF,24,DEN,82,2255,12.5,.511,.368,.239,5.9,14.9,10.4,11.2,2.1,1.2,13.5,14.9,,2.1,1.7,3.8,.080,,-1.0,0.6,-0.4,0.9
119,Eric Snow\snower01,PG,27,PHI,50,1740,14.0,.488,.044,.354,1.8,8.8,5.4,33.9,2.3,0.3,19.8,16.3,,1.5,2.3,3.8,.105,,-0.6,0.9,0.3,1.0
120,Jason Williams\willija02,PG,25,SAC,77,2290,12.8,.498,.451,.110,0.9,7.6,4.4,27.6,2.1,0.3,18.1,17.0,,1.3,2.4,3.8,.079,,-0.4,-0.2,-0.6,0.8
121,Chauncey Billups\billuch01,SG,24,MIN,77,1790,14.1,.538,.330,.291,2.0,8.1,5.0,22.2,1.5,0.4,14.4,19.5,,2.7,0.9,3.7,.098,,0.4,-0.9,-0.5,0.7
122,Keon Clark\clarkke01,PF,25,TOT,81,1720,15.6,.512,.002,.462,8.6,19.6,14.0,6.8,1.0,6.3,12.6,18.6,,1.5,2.2,3.7,.104,,-2.1,1.0,-1.1,0.4
123,Charles Oakley\oaklech01,PF,37,TOR,78,2767,11.6,.439,.062,.193,5.6,25.0,15.1,14.6,1.4,1.2,14.0,16.0,,0.2,3.5,3.7,.065,,-2.2,0.8,-1.4,0.4
124,Arvydas Sabonis*\sabonar01,C,36,POR,61,1299,18.4,.527,.029,.302,4.9,24.9,15.2,12.3,1.7,3.5,12.7,24.0,,1.5,2.3,3.7,.138,,-0.2,1.4,1.2,1.1
125,Morris Peterson\petermo01,SG,23,TOR,80,1809,14.1,.507,.245,.215,6.8,9.4,8.1,9.6,1.8,0.8,9.6,20.1,,2.3,1.3,3.6,.096,,0.1,-0.8,-0.7,0.5
126,Michael Smith\smithmi02,PF,28,WAS,79,1610,14.0,.527,.005,.706,12.3,28.9,20.4,9.6,1.8,1.6,17.8,9.6,,2.0,1.6,3.6,.108,,0.0,0.2,0.2,0.9
127,Mookie Blaylock\blaylmo01,PG,33,GSW,69,2352,15.8,.455,.281,.095,3.0,9.9,6.1,32.3,3.5,0.6,13.3,17.3,,1.9,1.6,3.5,.071,,0.2,1.0,1.2,1.9
128,Jason Caffey\caffeja01,PF,27,MIL,70,1460,13.7,.544,.000,.575,10.6,16.8,13.7,5.5,1.4,1.3,14.3,16.6,,2.3,1.2,3.5,.114,,-1.2,-1.0,-2.2,-0.1
129,Voshon Lenard\lenarvo01,SG,27,DEN,80,2331,13.2,.522,.452,.227,2.2,8.7,5.4,13.4,1.4,0.5,9.9,19.7,,2.9,0.6,3.5,.072,,0.2,-1.1,-0.8,0.7
130,Jerome Williams\willije01,PF,27,TOT,59,1182,15.7,.526,.010,.459,12.0,23.4,17.5,6.1,2.5,1.2,15.1,15.4,,1.5,2.0,3.5,.141,,-0.7,0.5,-0.2,0.6
131,Brad Miller\millebr01,C,24,CHI,57,1434,16.4,.520,.013,.585,11.5,23.7,17.3,13.1,1.2,2.0,13.1,18.1,,2.3,1.1,3.4,.114,,-0.2,-1.0,-1.2,0.3
132,Johnny Newman\newmajo01,SG,37,NJN,82,2049,13.0,.542,.253,.427,1.9,8.2,4.9,10.0,1.6,0.4,11.4,20.6,,2.7,0.7,3.4,.081,,-1.0,-1.1,-2.1,0.0
133,Vitaly Potapenko\potapvi01,C,25,BOS,82,1901,12.8,.517,.000,.303,12.1,18.5,15.2,5.9,1.4,0.9,15.1,16.6,,1.8,1.7,3.4,.087,,-2.0,-1.6,-3.6,-0.8
134,Scott Williams\willisc01,C,32,MIL,66,1272,14.2,.514,.011,.194,8.7,23.6,16.2,4.2,2.0,1.8,9.5,15.4,,1.7,1.7,3.4,.128,,-1.7,-0.2,-1.9,0.0
135,Malik Rose\rosema01,PF,26,SAS,57,1219,14.8,.498,.046,.435,9.3,18.8,14.3,6.6,2.6,2.3,14.4,19.8,,0.7,2.6,3.3,.131,,-1.7,2.2,0.4,0.8
136,Austin Croshere\croshau01,PF,25,IND,81,1874,14.3,.512,.295,.330,7.7,15.5,11.7,8.8,1.0,1.9,14.5,23.4,,1.2,2.0,3.2,.082,,-0.1,-1.0,-1.2,0.4
137,A.C. Green\greenac01,PF,37,MIA,82,1411,11.2,.492,.019,.343,9.0,17.3,13.2,4.8,1.2,0.4,10.8,14.4,,1.1,2.1,3.2,.110,,-2.2,0.0,-2.3,-0.1
138,Anthony Peeler\peelean01,SG,31,MIN,75,2126,12.6,.513,.350,.119,2.3,8.0,5.2,13.9,2.2,0.6,12.0,18.6,,1.6,1.5,3.2,.071,,-0.4,-0.3,-0.6,0.7
139,Maurice Taylor\tayloma01,SF,24,HOU,69,1972,14.9,.518,.005,.203,6.6,15.4,11.1,9.7,0.8,1.3,12.6,23.2,,1.8,1.4,3.2,.077,,-0.9,-1.0,-1.9,0.0
140,Corliss Williamson\willico02,SF,27,TOT,69,1686,15.1,.533,.003,.366,7.0,14.0,10.4,6.5,1.5,0.9,12.8,22.5,,1.6,1.6,3.2,.092,,-0.9,-0.3,-1.1,0.4
141,Lorenzen Wright\wrighlo02,C,25,ATL,71,1988,15.7,.486,.002,.266,10.0,20.0,15.0,8.0,1.1,2.3,12.1,23.2,,1.1,2.0,3.2,.077,,-1.0,-0.8,-1.8,0.1
142,Mario Elie\eliema01,SG,37,PHO,68,1506,9.3,.541,.407,.280,2.8,9.0,5.8,12.9,2.0,0.6,17.8,10.0,,1.1,2.0,3.1,.097,,-2.2,2.0,-0.2,0.7
143,Lucious Harris\harrilu01,SG,30,NJN,73,2071,12.9,.498,.212,.223,3.8,12.4,8.0,11.3,1.9,0.6,8.5,16.4,,2.0,1.2,3.1,.073,,-0.2,-0.4,-0.7,0.7
144,Bobby Jackson\jacksbo01,PG,27,SAC,79,1648,13.1,.501,.198,.167,5.0,11.0,8.0,15.3,2.7,0.3,15.4,17.9,,0.9,2.3,3.1,.091,,-1.2,1.3,0.1,0.9
145,Kevin Willis\willike02,C,38,TOT,78,1830,14.6,.478,.009,.213,10.5,21.8,16.0,4.6,1.6,2.0,10.3,20.5,,1.1,2.0,3.1,.081,,-1.8,-1.0,-2.8,-0.4
146,Sean Elliott\elliose01,SF,32,SAS,52,1229,12.4,.544,.381,.248,1.6,13.4,7.8,10.8,1.0,1.4,11.9,16.3,,1.3,1.7,3.0,.118,,0.6,1.1,1.7,1.2
147,Darius Miles\milesda01,SF,19,LAC,81,2133,14.7,.518,.030,.378,7.0,18.3,12.8,8.1,1.3,4.1,16.7,19.1,,0.5,2.6,3.0,.068,,-1.3,0.8,-0.5,0.8
148,Quentin Richardson\richaqu01,SG,20,LAC,76,1358,16.5,.516,.288,.301,9.1,12.5,10.8,8.3,1.7,0.4,9.7,22.4,,2.1,1.0,3.0,.106,,2.0,-1.1,0.8,0.9
149,Jacque Vaughn\vaughja01,PG,25,UTA,82,1620,12.8,.535,.198,.417,1.4,9.9,5.7,31.0,1.6,0.2,21.7,16.9,,1.8,1.1,3.0,.088,,-0.2,-0.7,-1.0,0.4
150,Walt Williams\williwa02,SF,30,HOU,72,1583,12.6,.527,.483,.246,2.3,15.3,9.0,10.0,1.0,1.2,11.4,18.7,,1.8,1.2,3.0,.090,,0.4,-0.4,-0.1,0.8
151,Bryant Reeves\reevebr01,C,27,VAN,75,1832,12.8,.506,.007,.257,8.3,19.8,14.1,7.4,1.2,2.0,12.8,17.6,,1.2,1.7,2.9,.075,,-2.6,-0.2,-2.8,-0.4
152,Shammond Williams\willish01,PG,25,SEA,69,1238,15.4,.569,.361,.261,3.2,9.0,6.1,24.2,1.3,0.2,16.7,17.9,,2.6,0.3,2.9,.112,,2.0,-1.2,0.8,0.9
153,Chucky Atkins\atkinch01,PG,26,DET,81,2363,12.2,.481,.356,.137,1.2,6.7,3.9,24.3,1.4,0.1,12.9,21.2,,1.2,1.6,2.8,.057,,-0.6,-1.0,-1.6,0.3
154,Mikki Moore\mooremi01,C,25,DET,81,1154,12.9,.552,.004,.485,11.0,18.4,14.7,4.6,1.1,3.7,18.5,15.0,,1.1,1.6,2.8,.116,,-3.4,0.8,-2.6,-0.2
155,Hedo Türkoğlu\turkohe01,SF,21,SAC,74,1245,11.7,.509,.257,.334,4.4,13.6,9.1,8.3,2.1,1.3,12.5,15.6,,1.0,1.8,2.8,.106,,-2.0,1.1,-0.9,0.4
156,Keith Van Horn\vanhoke01,SF,25,NJN,49,1733,15.5,.526,.240,.263,5.0,18.3,11.5,9.0,1.2,0.9,11.5,23.4,,1.7,1.2,2.8,.079,,0.8,-1.9,-1.1,0.4
157,Jeff Foster\fosteje01,C,24,IND,71,1152,12.5,.492,.033,.427,14.6,23.4,19.1,4.6,1.8,1.7,17.0,12.4,,0.8,1.9,2.7,.113,,-1.9,-0.2,-2.1,0.0
158,Matt Bullard\bullama01,PF,33,HOU,61,1000,13.0,.569,.698,.046,2.6,12.2,7.5,6.9,0.5,0.6,3.7,14.9,,2.2,0.4,2.6,.125,,2.5,-1.0,1.5,0.9
159,Matt Harpring\harprma01,SG,24,CLE,56,1615,13.3,.522,.099,.315,6.5,10.9,8.7,10.9,1.4,0.8,13.1,19.2,,1.8,0.8,2.6,.077,,-0.4,-1.0,-1.3,0.3
160,Robert Horry\horryro01,PF,30,LAL,79,1587,11.0,.489,.411,.218,6.7,14.3,10.5,11.7,1.8,2.4,15.9,14.0,,1.1,1.5,2.6,.078,,-1.0,0.6,-0.4,0.7
161,Marc Jackson\jacksma02,C,26,GSW,48,1410,16.1,.534,.045,.378,8.3,19.8,13.6,7.3,1.2,1.4,13.6,20.5,,1.9,0.7,2.6,.089,,-0.2,-1.4,-1.6,0.2
162,Avery Johnson\johnsav01,PG,35,SAS,55,1290,11.5,.475,.020,.200,1.9,5.3,3.7,29.5,1.4,0.2,15.5,14.1,,1.3,1.3,2.6,.098,,-1.3,0.1,-1.2,0.3
163,Jamaal Magloire\magloja01,C,22,CHH,74,1095,13.4,.506,.007,.535,10.8,19.9,15.4,4.2,0.9,5.2,15.4,16.7,,0.6,2.0,2.6,.114,,-2.9,0.8,-2.2,0.0
164,Dan Majerle\majerda01,SG,35,MIA,53,1306,9.4,.480,.699,.170,1.8,13.3,7.6,11.0,2.2,0.9,11.2,11.6,,0.5,2.1,2.6,.097,,-1.9,2.3,0.4,0.8
165,Danny Manning\mannida01,PF,34,UTA,82,1305,14.3,.537,.056,.280,6.4,13.8,10.2,12.6,1.9,1.8,14.6,23.2,,1.2,1.4,2.6,.097,,-1.2,0.1,-1.1,0.3
166,George McCloud\mccloge01,SF,33,DEN,76,2007,12.9,.496,.357,.276,2.9,9.3,6.1,22.1,1.4,0.9,13.7,18.9,,2.0,0.6,2.6,.062,,-0.2,-0.8,-1.0,0.5
167,Stacey Augmon\augmost01,SG,32,POR,66,1182,12.3,.511,.015,.327,6.3,9.7,8.0,12.7,2.2,1.3,13.6,13.9,,1.3,1.2,2.5,.102,,-1.1,1.3,0.2,0.7
168,Andrew DeClercq\declean01,C,27,ORL,67,903,12.8,.570,.000,.425,10.9,18.3,14.5,5.6,2.3,2.7,18.2,13.7,,1.0,1.4,2.5,.132,,-3.4,1.2,-2.2,0.0
169,Evan Eschmeyer\eschmev01,C,25,NJN,74,1331,10.8,.512,.000,.510,11.3,20.5,15.8,4.7,1.6,3.3,17.8,10.1,,1.1,1.5,2.5,.091,,-3.0,0.4,-2.6,-0.2
170,Pat Garrity\garripa01,SF,24,ORL,76,1579,10.1,.507,.389,.170,3.5,11.4,7.4,5.3,1.3,0.7,9.9,19.2,,1.2,1.3,2.5,.076,,-2.0,-1.0,-3.0,-0.4
171,Othella Harrington\harriot01,C,27,TOT,74,1815,12.0,.549,.006,.442,9.0,15.7,12.4,5.3,1.0,1.8,19.3,19.2,,0.8,1.7,2.5,.067,,-2.9,-0.4,-3.3,-0.6
172,Todd MacCulloch\maccuto01,C,25,PHI,63,597,18.3,.607,.000,.357,13.3,18.4,15.9,3.1,0.6,2.3,11.2,18.3,,1.6,0.9,2.5,.199,,0.3,-0.4,-0.1,0.3
173,Nazr Mohammed\mohamna01,C,23,TOT,58,912,19.2,.520,.003,.341,14.1,23.6,18.8,3.9,1.7,2.8,13.1,24.0,,1.1,1.4,2.5,.129,,-0.2,-1.3,-1.5,0.1
174,Brian Shaw\shawbr01,SG,34,LAL,80,1833,10.9,.479,.328,.156,3.0,15.6,9.4,20.4,1.4,1.0,18.1,13.1,,1.2,1.4,2.5,.067,,-1.1,0.2,-0.9,0.5
175,Jon Barry\barryjo01,SG,31,SAC,62,1010,12.4,.550,.518,.286,1.8,8.1,5.0,19.0,1.4,0.4,15.6,14.9,,1.5,0.9,2.4,.114,,-0.1,0.1,0.1,0.5
176,Chris Gatling\gatlich01,PF,33,CLE,74,1670,15.6,.505,.126,.311,6.9,20.2,13.6,6.9,1.6,1.2,12.5,25.8,,0.8,1.6,2.4,.068,,-0.7,-1.2,-1.9,0.0
177,Richard Hamilton\hamilri01,SF,22,WAS,78,2519,15.7,.508,.117,.255,3.4,7.7,5.5,17.7,1.5,0.3,12.6,28.1,,2.3,0.1,2.4,.046,,0.4,-2.6,-2.2,-0.1
178,Grant Long\longgr01,PF,34,VAN,66,1507,11.4,.510,.047,.492,5.8,14.9,10.4,8.7,2.5,0.7,13.8,13.6,,1.0,1.4,2.4,.078,,-2.3,1.2,-1.1,0.3
179,Dana Barros\barroda01,PG,33,DET,60,1079,14.3,.534,.255,.194,0.6,8.9,4.7,18.0,1.4,0.1,11.8,20.4,,1.4,0.8,2.3,.101,,0.1,-0.4,-0.3,0.5
180,Tony Battie\battito01,C,24,BOS,40,845,15.2,.562,.015,.343,9.7,23.1,16.1,3.3,1.7,5.4,13.8,14.4,,1.0,1.3,2.3,.131,,-1.7,1.0,-0.7,0.3
181,Hersey Hawkins\hawkihe01,SG,34,CHH,59,681,14.3,.555,.336,.460,2.9,10.5,6.7,17.0,2.6,1.0,10.3,12.4,,1.4,1.0,2.3,.165,,0.2,2.6,2.8,0.8
182,Jumaine Jones\jonesju01,SF,21,PHI,65,866,14.2,.510,.218,.193,8.4,16.1,12.3,6.3,1.8,1.3,11.6,17.6,,0.9,1.4,2.3,.125,,0.0,0.4,0.4,0.5
183,Lamond Murray\murrala01,SF,27,CLE,78,2225,13.9,.490,.178,.228,5.4,12.3,8.9,10.1,2.0,0.9,12.2,23.5,,0.8,1.5,2.3,.050,,-0.1,-1.0,-1.1,0.5
184,Don Reid\reiddo01,PF,27,ORL,65,764,13.1,.590,.000,.517,11.9,23.5,17.6,4.2,1.6,5.2,21.2,13.1,,0.8,1.4,2.3,.141,,-4.3,1.6,-2.8,-0.2
185,Sean Rooks\rooksse01,C,31,LAC,82,1553,11.5,.487,.005,.362,6.9,15.2,11.2,8.1,1.2,2.9,13.7,15.8,,0.8,1.5,2.3,.070,,-2.3,0.7,-1.7,0.1
186,Chris Whitney\whitnch01,PG,29,WAS,59,1532,13.2,.537,.528,.240,0.9,7.3,4.0,26.9,1.9,0.1,16.5,18.1,,2.1,0.2,2.3,.072,,0.4,-1.5,-1.1,0.4
187,Chris Childs\childch01,PG,33,TOT,77,1859,9.0,.494,.316,.212,1.5,11.2,6.4,29.8,1.7,0.6,29.9,13.3,,-0.2,2.3,2.2,.057,,-3.4,0.8,-2.6,-0.3
188,Hubert Davis\davishu01,PG,30,TOT,66,1692,10.0,.569,.395,.143,1.9,7.3,4.6,10.3,1.1,0.0,15.0,14.5,,1.6,0.6,2.2,.062,,-0.6,-1.1,-1.7,0.1
189,Rod Strickland\stricro02,PG,34,TOT,54,1371,16.1,.493,.040,.403,3.1,9.0,6.0,37.1,2.0,0.3,17.5,20.1,,1.7,0.5,2.2,.076,,1.5,-0.9,0.6,0.9
190,Kenny Thomas\thomake01,PF,23,HOU,74,1820,11.2,.507,.198,.271,8.0,18.3,13.3,6.7,1.2,1.6,18.2,16.1,,0.5,1.7,2.2,.058,,-2.0,-0.3,-2.3,-0.1
191,Eric Williams\willier01,SF,28,BOS,81,1745,10.0,.487,.310,.516,4.1,10.0,6.9,10.6,1.9,0.6,12.1,16.3,,1.0,1.2,2.2,.060,,-2.3,-0.6,-2.9,-0.4
192,Calvin Booth\boothca01,C,24,TOT,55,933,16.1,.512,.000,.310,9.5,21.1,15.2,7.4,1.6,8.5,15.6,16.3,,0.6,1.4,2.1,.106,,-1.9,2.7,0.7,0.6
193,Kenyon Martin\martike01,PF,23,NJN,68,2272,13.4,.472,.014,.247,6.7,19.0,12.7,10.4,1.8,3.7,13.8,19.9,,-0.4,2.5,2.1,.044,,-2.1,0.4,-1.7,0.2
194,John Starks\starkjo01,SG,35,UTA,75,2122,9.3,.476,.265,.162,1.7,7.2,4.5,13.5,1.8,0.4,11.3,18.0,,0.6,1.5,2.1,.048,,-2.2,-0.4,-2.5,-0.3
195,Jahidi White\whiteja01,C,24,WAS,68,1609,14.7,.535,.002,.765,12.7,25.4,18.9,2.1,1.0,4.9,20.0,18.9,,0.5,1.6,2.1,.061,,-2.4,-0.9,-3.3,-0.5
196,Greg Buckner\buckngr01,SG,24,DAL,37,820,12.1,.503,.036,.422,8.4,12.9,10.7,8.8,2.1,0.8,10.6,14.1,,1.1,0.9,2.0,.118,,-1.2,0.7,-0.5,0.3
197,Dell Curry\curryde01,SG,36,TOR,71,956,14.4,.530,.380,.134,1.8,8.3,5.0,13.2,1.5,0.6,8.8,20.7,,1.5,0.5,2.0,.101,,1.2,-0.8,0.3,0.6
198,Patrick Ewing*\ewingpa01,C,38,SEA,79,2107,12.9,.478,.003,.367,6.8,25.0,15.9,7.0,1.3,3.1,16.0,20.3,,-0.5,2.5,2.0,.046,,-2.9,-0.2,-3.2,-0.6
199,Trajan Langdon\langdtr01,SG,24,CLE,65,1116,11.8,.561,.396,.243,1.2,8.0,4.6,11.9,1.8,0.6,13.1,16.1,,1.5,0.5,2.0,.086,,-0.9,-0.1,-1.0,0.3
200,Sam Perkins\perkisa01,PF,39,IND,64,999,11.1,.499,.487,.168,3.7,15.0,9.5,6.6,1.8,1.3,7.3,12.2,,0.9,1.2,2.0,.098,,0.0,1.0,1.0,0.8
201,Olden Polynice\polynol01,C,36,UTA,81,1619,9.9,.484,.002,.157,12.3,16.6,14.5,3.1,0.9,3.9,15.0,14.8,,0.2,1.8,2.0,.058,,-3.1,-0.7,-3.9,-0.8
202,Carlos Rogers\rogerca01,C,29,HOU,39,544,18.1,.674,.009,.473,10.5,18.9,14.8,2.7,1.0,2.3,11.3,12.7,,1.5,0.5,2.0,.180,,2.4,-0.4,2.0,0.6
203,Mark Blount\blounma01,C,25,BOS,64,1098,11.1,.541,.000,.330,9.9,14.9,12.3,4.8,1.8,5.3,21.3,12.0,,0.5,1.4,1.9,.084,,-4.2,1.1,-3.1,-0.3
204,Lawrence Funderburke\fundela01,PF,30,SAC,59,698,16.1,.522,.000,.318,11.7,18.3,15.1,4.0,0.7,1.2,10.4,19.5,,1.0,0.9,1.9,.129,,0.0,-1.7,-1.8,0.0
205,Dean Garrett\garrede01,C,34,MIN,70,831,12.5,.511,.000,.250,8.8,21.1,14.9,4.1,1.6,4.2,12.6,10.8,,0.7,1.2,1.9,.109,,-1.6,1.0,-0.6,0.3
206,Alan Henderson\hendeal01,PF,28,ATL,73,1810,14.0,.487,.001,.404,11.0,14.0,12.5,4.9,1.5,1.1,13.8,22.6,,0.5,1.4,1.9,.050,,-1.2,-1.9,-3.0,-0.5
207,Felipe López\lopezfe01,SG-PG,26,TOT,70,1565,12.5,.503,.109,.326,4.0,13.5,8.7,11.3,2.1,1.4,13.2,18.0,,0.9,1.0,1.9,.057,,-1.2,0.2,-1.0,0.4
208,Cherokee Parks\parksch02,C,28,TOT,65,1054,12.6,.510,.022,.161,7.9,16.9,12.5,7.3,1.3,2.4,12.3,14.6,,0.9,1.0,1.9,.086,,-1.7,0.3,-1.4,0.2
209,Stromile Swift\swiftst01,PF,21,VAN,80,1312,13.1,.487,.012,.416,9.6,15.1,12.4,3.5,2.5,4.3,13.8,16.2,,0.2,1.6,1.9,.069,,-2.9,0.9,-2.0,0.0
210,Robert Traylor\traylro01,C,23,CLE,70,1212,14.1,.521,.006,.435,11.9,16.8,14.3,8.7,2.1,4.6,20.2,18.0,,0.3,1.5,1.9,.074,,-2.6,1.1,-1.6,0.1
211,Samaki Walker\walkesa01,PF,24,SAS,61,963,12.2,.524,.012,.492,8.3,19.7,14.3,5.0,0.6,2.9,18.2,18.3,,0.2,1.7,1.9,.093,,-2.9,0.3,-2.6,-0.1
212,Metta World Peace\artesro01,SF,21,CHI,76,2363,13.6,.483,.182,.344,2.9,12.3,7.4,17.6,3.5,1.4,14.5,21.6,,-0.1,2.0,1.9,.039,,-1.9,0.5,-1.3,0.4
213,Vin Baker\bakervi01,PF,29,SEA,76,2129,13.0,.481,.019,.391,9.7,13.5,11.6,7.0,0.9,2.5,14.1,23.8,,0.6,1.2,1.8,.040,,-2.4,-1.8,-4.2,-1.2
214,Corie Blount\blounco01,PF,32,TOT,68,1305,11.8,.473,.027,.282,13.9,19.4,16.5,7.1,1.6,1.2,18.1,13.2,,0.5,1.2,1.8,.065,,-2.6,-0.9,-3.5,-0.5
215,Emanual Davis\davisem01,SG,32,SEA,62,1290,11.8,.527,.399,.173,2.5,11.2,6.9,16.1,2.6,0.7,18.4,14.7,,0.9,0.9,1.8,.067,,-1.0,0.7,-0.4,0.5
216,Michael Dickerson\dickemi01,SG,25,VAN,70,2618,12.4,.501,.225,.265,3.1,6.9,5.0,15.8,1.2,0.7,12.5,22.7,,1.2,0.7,1.8,.034,,-0.7,-1.5,-2.2,-0.2
217,Derek Fisher\fishede01,PG,26,LAL,20,709,14.0,.534,.337,.332,0.8,8.5,4.7,18.3,2.9,0.2,11.9,15.4,,1.2,0.5,1.8,.119,,-0.6,0.8,0.2,0.4
218,Tom Gugliotta\guglito01,PF,31,PHO,57,1159,11.1,.437,.032,.203,7.3,17.8,12.5,7.7,2.1,1.3,11.0,17.9,,-0.3,2.0,1.8,.073,,-3.1,1.0,-2.1,0.0
219,Ron Harper\harpero01,PG,37,LAL,47,1139,12.5,.525,.266,.177,4.6,11.8,8.2,14.8,1.8,1.5,17.5,13.9,,1.0,0.8,1.8,.077,,-0.2,0.4,0.2,0.6
220,Damon Jones\jonesda01,PG,24,VAN,71,1415,13.0,.525,.555,.125,1.3,8.7,5.0,26.2,1.3,0.0,14.8,16.6,,1.4,0.4,1.8,.062,,0.7,-1.1,-0.3,0.6
221,Ron Mercer\mercero01,SG,24,CHI,61,2535,14.8,.492,.041,.203,3.2,8.0,5.5,16.2,1.7,0.8,9.6,24.8,,1.5,0.4,1.8,.035,,0.3,-2.2,-1.9,0.1
222,Milt Palacio\palacmi01,PG,22,BOS,58,1141,12.3,.556,.135,.345,2.4,8.2,5.2,22.5,2.2,0.0,20.6,15.4,,1.1,0.7,1.8,.076,,-1.8,-0.5,-2.4,-0.1
223,Reggie Slater\slatere01,PF,30,MIN,55,686,14.1,.568,.000,.629,12.9,18.2,15.5,5.7,1.4,0.9,16.1,17.6,,1.2,0.7,1.8,.129,,-2.3,-1.4,-3.7,-0.3
224,Ryan Bowen\bowenry01,SF,25,DEN,57,696,13.3,.585,.076,.306,9.6,8.1,8.8,6.8,2.8,1.2,12.8,12.0,,1.2,0.4,1.7,.114,,-1.1,1.3,0.1,0.4
225,Anthony Carter\cartean01,PG,25,MIA,72,1630,11.3,.439,.083,.215,3.4,9.8,6.6,29.5,2.5,0.5,18.5,19.2,,-0.8,2.5,1.7,.050,,-3.0,1.1,-1.9,0.0
226,Kelvin Cato\catoke01,C,26,HOU,35,624,13.0,.606,.000,.514,8.9,17.0,13.1,2.8,1.1,3.4,15.5,11.9,,1.0,0.7,1.7,.128,,-2.0,0.8,-1.2,0.1
227,Michael Curry\currymi01,SG,32,DET,68,1485,7.5,.507,.028,.229,1.5,7.4,4.4,13.9,0.9,0.1,14.8,12.0,,0.8,0.9,1.7,.055,,-4.2,0.0,-4.3,-0.9
228,Desmond Mason\masonde01,SF,23,SEA,78,1522,10.5,.483,.153,.207,5.5,13.3,9.4,6.5,1.3,1.0,10.0,15.8,,1.0,0.8,1.7,.055,,-1.8,-1.0,-2.8,-0.3
229,Greg Anthony\anthogr01,PG,33,POR,58,856,12.0,.525,.628,.138,3.0,5.4,4.3,14.8,2.5,0.3,13.8,16.9,,0.9,0.7,1.6,.090,,0.0,0.1,0.1,0.5
230,Vinny Del Negro\delnevi01,PG,34,TOT,65,922,11.3,.501,.056,.188,1.4,8.8,4.9,21.7,1.5,0.2,11.8,13.6,,1.0,0.6,1.6,.085,,-2.2,0.4,-1.8,0.0
231,Brevin Knight\knighbr01,PG,25,TOT,53,1457,12.5,.416,.027,.178,1.8,11.2,6.4,33.7,3.6,0.2,18.5,15.1,,0.0,1.6,1.6,.054,,-3.0,1.6,-1.4,0.2
232,Mike Penberthy\penbemi01,PG,26,LAL,53,851,11.2,.567,.626,.140,1.3,7.0,4.2,12.4,1.4,0.2,12.6,14.2,,1.3,0.2,1.6,.088,,-0.3,-1.2,-1.6,0.1
233,Mitch Richmond*\richmmi01,SG,35,WAS,37,1216,14.9,.521,.264,.317,1.4,9.2,5.2,16.6,1.8,0.4,12.8,24.1,,1.4,0.2,1.6,.065,,1.0,-1.2,-0.3,0.5
234,Jud Buechler\buechju01,SF,32,DET,57,737,9.9,.570,.470,.073,2.9,11.0,6.8,8.4,1.4,1.0,12.9,11.4,,0.8,0.7,1.5,.098,,-1.8,0.9,-0.9,0.2
235,Michael Doleac\doleami01,C,23,ORL,77,1398,9.9,.443,.006,.112,5.4,16.5,10.8,7.8,1.4,2.2,9.6,19.4,,-0.2,1.7,1.5,.050,,-4.4,0.1,-4.3,-0.8
236,Steve Kerr\kerrst01,PG,35,SAS,55,650,10.6,.546,.484,.094,1.1,4.8,3.0,14.1,1.3,0.1,11.3,13.5,,0.8,0.6,1.5,.108,,-0.5,0.5,0.0,0.3
237,Matt Maloney\malonma01,PG,29,ATL,55,1403,10.4,.508,.408,.098,1.1,8.2,4.6,17.6,2.1,0.3,16.2,13.8,,0.7,0.8,1.5,.053,,-1.4,0.5,-0.9,0.4
238,Rasho Nesterović\nestera01,C,24,MIN,73,1233,10.4,.472,.003,.204,9.1,17.5,13.2,5.4,1.1,3.6,13.7,14.8,,0.2,1.3,1.5,.060,,-3.5,0.0,-3.5,-0.5
239,Keyon Dooling\doolike01,PG,20,LAC,76,1237,12.6,.509,.221,.494,0.8,7.3,4.1,23.7,1.8,0.6,17.6,20.0,,0.8,0.7,1.4,.056,,-1.5,-0.9,-2.5,-0.2
240,Derrick McKey\mckeyde01,SF,34,IND,66,987,8.3,.490,.147,.199,5.8,14.1,10.1,11.6,2.6,0.9,24.1,9.2,,0.1,1.3,1.4,.070,,-3.5,2.5,-0.9,0.3
241,Kevin Ollie\ollieke01,PG,28,TOT,70,925,10.3,.467,.016,.464,2.0,9.6,5.8,24.5,1.7,0.1,17.5,13.7,,0.5,0.9,1.4,.075,,-2.8,0.6,-2.2,0.0
242,Cedric Ceballos\cebalce01,SF,31,TOT,40,559,15.4,.526,.319,.188,7.1,15.0,11.0,6.9,1.5,0.9,11.4,23.5,,0.5,0.8,1.3,.114,,0.0,-0.5,-0.5,0.2
243,Chris Mihm\mihmch01,C,21,CLE,59,1166,12.6,.500,.003,.322,10.6,17.3,13.9,2.4,0.9,3.3,15.2,20.4,,0.3,1.0,1.3,.053,,-2.9,-1.3,-4.2,-0.7
244,Mark Pope\popema01,PF,28,MIL,63,942,7.2,.480,.169,.246,6.8,10.9,8.8,5.6,0.9,2.0,9.7,8.4,,0.8,0.5,1.3,.068,,-3.0,0.1,-2.9,-0.2
245,Jake Tsakalidis\tsakaja01,C,21,PHO,57,947,9.6,.502,.000,.423,9.8,19.4,14.5,3.2,0.5,4.2,20.6,15.1,,-0.3,1.6,1.3,.067,,-4.7,0.8,-4.0,-0.5
246,Monty Williams\willimo01,SF,29,ORL,82,1211,11.0,.485,.036,.365,7.7,14.7,11.1,10.5,1.2,1.0,16.7,18.5,,0.1,1.2,1.3,.051,,-2.8,-0.9,-3.6,-0.5
247,Derrick Coleman\colemde01,PF,33,CHH,34,683,13.8,.469,.200,.361,7.7,23.0,15.4,10.2,0.8,2.3,12.4,22.8,,0.1,1.1,1.2,.082,,-0.5,-0.5,-0.9,0.2
248,Al Harrington\harrial01,PF,20,IND,78,1892,10.2,.479,.013,.289,7.4,15.2,11.4,11.8,1.8,0.7,19.5,18.8,,-1.0,2.2,1.2,.031,,-3.3,-0.1,-3.4,-0.7
249,Popeye Jones\jonespo01,PF,30,WAS,45,638,13.1,.457,.039,.359,14.9,25.6,20.2,7.8,1.5,0.9,10.6,13.8,,0.8,0.5,1.2,.094,,-1.3,-1.7,-3.0,-0.2
250,Wesley Person\persowe01,SG,29,CLE,44,958,11.6,.514,.288,.103,1.3,14.4,7.9,11.2,1.5,0.8,11.6,16.3,,0.6,0.6,1.2,.061,,-0.8,-0.3,-1.1,0.2
251,Kenny Anderson\anderke01,PG,30,BOS,33,849,12.2,.476,.145,.313,2.1,8.2,5.0,26.5,2.7,0.2,16.8,16.6,,0.4,0.7,1.1,.063,,-1.9,-0.1,-2.0,0.0
252,Danny Fortson\fortsda01,PF,24,GSW,6,203,24.4,.678,.000,1.080,14.0,39.3,25.6,4.1,0.5,0.0,11.9,17.4,,0.9,0.2,1.1,.258,,4.4,-1.4,3.0,0.2
253,Mark Madsen\madsema01,PF,25,LAL,70,641,9.2,.530,.009,.327,13.2,13.6,13.4,5.4,0.7,0.9,17.3,10.9,,0.8,0.3,1.1,.085,,-2.9,-1.6,-4.5,-0.4
254,Jelani McCoy\mccoyje01,C,23,SEA,70,1143,11.1,.520,.000,.352,9.3,15.9,12.6,7.7,0.8,3.1,19.7,15.0,,0.3,0.8,1.1,.045,,-2.7,-0.4,-3.1,-0.3
255,Eduardo Nájera\najered01,PF,24,DAL,40,431,14.0,.522,.027,.297,10.9,13.6,12.3,9.7,1.6,1.3,11.9,15.0,,0.6,0.4,1.1,.120,,0.1,-0.2,-0.1,0.2
256,Robert Pack\packro01,PG,31,DEN,74,1260,14.8,.493,.073,.322,2.6,9.3,5.9,38.2,2.7,0.1,21.7,22.0,,0.4,0.7,1.1,.043,,-0.8,-0.8,-1.6,0.1
257,Larry Robinson\robinla01,PG-SG,33,TOT,34,632,11.8,.511,.630,.130,4.0,11.4,7.7,9.1,2.3,0.2,11.4,15.5,,0.6,0.5,1.1,.083,,0.3,0.5,0.9,0.5
258,Cal Bowdler\bowdlca01,SF,23,ATL,44,375,15.8,.532,.044,.351,8.9,14.1,11.4,1.8,1.4,4.0,7.7,17.0,,0.7,0.4,1.0,.134,,-0.6,-0.3,-0.9,0.1
259,Chris Dudley\dudlech02,C,35,PHO,53,613,7.2,.405,.000,.493,11.6,22.4,16.9,4.2,1.2,3.4,22.6,8.4,,-0.2,1.2,1.0,.079,,-5.4,1.2,-4.2,-0.3
260,Michael Ruffin\ruffimi01,PF,24,CHI,45,879,10.1,.480,.000,.856,13.1,22.6,17.7,6.9,1.8,3.2,27.1,9.0,,0.2,0.9,1.0,.056,,-3.5,0.1,-3.4,-0.3
261,Otis Thorpe\thorpot01,PF,38,CHH,49,647,7.6,.487,.000,.183,8.9,16.7,12.8,7.3,1.0,0.8,18.4,12.4,,0.1,0.8,1.0,.071,,-5.0,0.0,-5.0,-0.5
262,Loy Vaught\vaughlo01,PF,32,TOT,51,549,13.3,.484,.000,.059,10.7,24.8,17.8,6.8,2.0,0.9,13.0,16.4,,0.3,0.8,1.0,.091,,-1.5,-0.4,-1.9,0.0
263,Randy Brown\brownra02,PG,32,BOS,54,1238,8.2,.438,.013,.169,2.1,7.5,4.7,20.1,2.6,0.6,18.0,11.4,,-0.1,1.0,0.9,.034,,-4.2,1.1,-3.1,-0.3
264,Chris Carr\carrch01,SG,26,BOS,35,309,16.3,.611,.330,.536,4.0,13.0,8.3,6.7,0.7,0.7,12.1,23.1,,0.8,0.2,0.9,.142,,0.8,-1.8,-1.1,0.1
265,Darvin Ham\hamda01,SF,27,MIL,29,540,10.1,.537,.038,.613,11.8,13.6,12.7,6.5,1.6,2.9,24.5,11.3,,0.4,0.5,0.9,.079,,-2.7,0.2,-2.5,-0.1
266,Stephen Jackson\jacksst02,SF,22,NJN,77,1660,12.1,.503,.271,.236,2.8,11.9,7.2,15.1,2.7,0.6,17.1,20.8,,-0.4,1.3,0.9,.026,,-1.6,0.1,-1.6,0.2
267,Shawn Kemp\kempsh01,PF,31,POR,68,1083,11.4,.469,.027,.317,7.2,20.9,14.3,9.9,2.2,1.6,17.4,24.5,,-0.8,1.7,0.9,.041,,-4.8,0.1,-4.8,-0.7
268,Paul McPherson\mcphepa01,PG,22,TOT,55,595,13.6,.542,.056,.269,7.0,7.6,7.3,11.6,2.2,0.5,16.3,21.0,,0.4,0.5,0.9,.074,,-1.6,-0.3,-1.9,0.0
269,Alonzo Mourning*\mournal01,C,30,MIA,13,306,24.6,.536,.007,.390,13.6,25.6,19.6,8.9,0.7,7.8,14.5,30.6,,0.2,0.7,0.9,.148,,1.7,1.2,2.9,0.4
270,Lee Nailon\nailole01,SF,25,CHH,42,469,11.7,.529,.007,.316,7.1,15.3,11.2,9.1,1.0,0.8,14.8,17.9,,0.4,0.6,0.9,.096,,-2.5,-0.1,-2.6,-0.1
271,Žan Tabak\tabakza01,C,30,IND,55,777,10.5,.523,.000,.253,9.8,20.9,15.5,7.3,0.7,2.8,21.6,15.8,,-0.1,1.0,0.9,.056,,-4.2,0.0,-4.2,-0.4
272,Courtney Alexander\alexaco02,PG,23,TOT,65,1382,11.6,.484,.080,.262,3.5,8.4,5.9,8.0,1.7,0.3,10.5,23.2,,0.3,0.5,0.8,.027,,-2.4,-1.9,-4.3,-0.8
273,Rodney Buford\buforro01,SF,23,PHI,47,573,11.3,.489,.158,.120,3.2,11.2,7.3,5.4,1.6,0.8,10.3,22.3,,0.1,0.7,0.8,.071,,-2.5,-0.5,-2.9,-0.1
274,Dion Glover\glovedi01,SG,22,ATL,57,929,12.3,.461,.137,.205,4.7,11.1,7.9,12.9,2.8,0.8,12.8,20.2,,-0.1,0.9,0.8,.040,,-2.3,0.4,-1.9,0.0
275,Billy Owens\owensbi01,PF,31,DET,45,793,10.5,.400,.087,.174,11.1,16.7,13.8,11.1,2.0,1.1,13.6,15.7,,-0.3,1.1,0.8,.048,,-2.6,0.7,-1.9,0.0
276,Isaiah Rider\rideris01,SG,29,LAL,67,1206,11.8,.499,.195,.176,4.2,10.4,7.3,15.0,1.2,0.4,16.2,22.5,,0.3,0.5,0.8,.033,,-1.4,-2.0,-3.4,-0.4
277,Erick Strickland\stricer01,PG,27,TOT,50,830,10.7,.431,.356,.296,2.6,15.2,9.0,18.6,2.9,0.2,13.7,19.9,,-0.4,1.2,0.8,.046,,-3.0,1.7,-1.3,0.1
278,Mahmoud Abdul-Rauf\abdulma02,PG,31,VAN,41,486,16.7,.514,.057,.118,1.2,4.7,2.9,32.7,1.0,0.1,9.1,26.8,,0.7,0.0,0.7,.070,,1.1,-2.1,-1.0,0.1
279,David Benoit\benoida01,SF,32,UTA,49,446,11.1,.542,.088,.265,5.7,16.6,11.3,8.4,0.7,1.1,14.6,19.8,,0.4,0.4,0.7,.080,,-2.8,-1.2,-4.0,-0.2
280,Adonal Foyle\foylead01,C,25,GSW,58,1457,12.4,.422,.000,.181,10.5,19.7,14.7,5.2,1.1,7.6,16.3,14.0,,-0.8,1.5,0.7,.022,,-3.6,0.8,-2.8,-0.3
281,Matt Geiger\geigema01,C,31,PHI,35,542,11.5,.430,.009,.241,10.6,18.2,14.5,4.5,1.2,1.1,9.2,22.8,,-0.1,0.8,0.7,.065,,-3.2,-1.0,-4.2,-0.3
282,Zydrunas Ilgauskas\ilgauzy01,C,25,CLE,24,616,16.0,.524,.009,.333,12.3,17.8,15.0,5.4,1.3,4.4,18.3,24.1,,0.1,0.7,0.7,.056,,-1.4,-0.4,-1.8,0.0
283,Darrick Martin\martida01,PG,29,SAC,31,176,17.0,.563,.355,.461,1.3,8.3,4.9,12.9,2.0,0.0,9.9,25.4,,0.5,0.2,0.7,.182,,-0.4,-0.4,-0.8,0.0
284,Tony Massenburg\masseto01,PF,33,VAN,52,823,9.6,.507,.000,.352,10.5,18.6,14.6,1.8,0.6,2.4,17.3,15.4,,0.1,0.6,0.7,.041,,-4.5,-1.3,-5.9,-0.8
285,Walter McCarty\mccarwa01,PF,26,BOS,60,478,9.2,.474,.444,.222,5.6,14.5,9.9,13.5,1.5,1.1,12.6,15.0,,0.3,0.4,0.7,.067,,-2.8,-0.4,-3.2,-0.1
286,Chris Crawford\crawfch01,PF,25,ATL,47,901,9.5,.519,.081,.307,3.4,10.2,6.8,6.9,1.2,1.3,16.8,18.3,,0.1,0.5,0.6,.031,,-3.5,-0.9,-4.5,-0.6
287,Khalid El-Amin\elamikh01,PG,21,CHI,50,936,12.2,.458,.270,.232,2.6,7.9,5.1,27.5,2.8,0.2,13.6,19.7,,0.2,0.4,0.6,.030,,-1.7,-0.7,-2.4,-0.1
288,Larry Hughes\hughela01,SG,22,GSW,50,1846,13.9,.449,.093,.313,4.0,12.5,7.9,21.0,2.7,1.1,14.2,24.4,,-0.4,1.1,0.6,.017,,-1.2,-0.2,-1.4,0.3
289,Adam Keefe\keefead01,PF,30,GSW,67,836,9.7,.450,.019,.396,10.5,16.4,13.3,6.5,1.7,1.7,17.6,11.5,,0.1,0.5,0.6,.032,,-3.5,-0.7,-4.3,-0.5
290,Sam Mitchell\mitchsa01,SF,37,MIN,82,983,8.2,.455,.149,.190,3.2,11.2,7.1,8.6,1.4,0.7,10.3,16.1,,0.0,0.6,0.6,.030,,-3.7,-0.9,-4.6,-0.6
291,Tracy Murray\murratr01,SF,29,TOT,51,588,11.4,.482,.415,.169,4.1,11.4,7.7,6.5,1.1,0.8,8.9,22.2,,0.2,0.3,0.6,.046,,-0.7,-2.2,-2.9,-0.1
292,Elliot Perry\perryel01,PG,31,TOT,49,499,11.6,.491,.036,.157,2.0,8.5,5.2,25.8,2.3,0.1,20.2,16.8,,0.0,0.7,0.6,.061,,-2.2,0.8,-1.4,0.1
293,Daniel Santiago\santida01,C,24,PHO,54,581,7.9,.528,.000,.455,6.7,13.3,9.9,3.0,1.5,2.6,22.6,16.0,,-0.3,0.9,0.6,.052,,-5.8,1.1,-4.8,-0.4
294,Mark Strickland\stricma01,SF,30,TOT,55,719,11.9,.467,.008,.293,8.1,16.7,12.3,5.6,1.2,2.1,11.2,18.9,,0.1,0.5,0.6,.037,,-2.1,-1.2,-3.3,-0.2
295,Tyus Edney\edneyty01,PG,27,IND,24,263,16.6,.490,.066,.429,2.2,7.9,5.2,35.7,3.5,0.0,18.8,23.6,,0.2,0.3,0.5,.088,,-0.7,0.1,-0.6,0.1
296,Jerome Kersey\kerseje01,SF,38,MIL,22,243,12.9,.473,.014,.232,3.8,17.1,10.5,9.4,3.0,2.4,7.3,15.3,,0.2,0.3,0.5,.101,,-2.5,2.2,-0.3,0.1
297,Gerard King\kingge02,SF,28,WAS,45,706,10.1,.552,.000,.256,6.3,15.2,10.7,7.4,1.0,1.1,19.4,15.3,,0.3,0.2,0.5,.035,,-2.7,-0.6,-3.3,-0.2
298,Detlef Schrempf\schrede01,SF,38,POR,26,397,9.8,.487,.084,.284,5.3,17.7,11.7,16.8,0.9,0.6,20.8,15.8,,0.1,0.4,0.5,.057,,-2.8,-0.3,-3.1,-0.1
299,Chucky Brown\brownch01,SF,32,TOT,26,339,9.7,.464,.032,.358,2.6,15.7,9.0,5.3,1.4,1.5,6.8,15.5,,0.1,0.2,0.4,.050,,-2.9,-0.5,-3.5,-0.1
300,Kornél Dávid\davidko01,SF,29,TOT,27,209,12.0,.547,.000,.255,7.8,20.1,13.8,5.3,1.5,1.3,16.2,14.3,,0.2,0.2,0.4,.102,,-2.5,0.5,-2.0,0.0
301,Derrick Dial\dialde01,SG,25,SAS,33,207,14.3,.466,.120,.253,6.9,13.5,10.4,18.3,1.0,2.0,11.5,23.7,,0.1,0.3,0.4,.091,,-1.5,0.0,-1.5,0.0
302,Obinna Ekezie\ekeziob01,PF,25,TOT,33,281,12.4,.484,.000,.654,12.7,19.9,16.2,5.3,0.9,1.3,11.8,18.8,,0.3,0.1,0.4,.072,,-2.5,-1.7,-4.2,-0.2
303,Greg Foster\fostegr01,C,32,LAL,62,451,9.5,.449,.068,.105,7.3,20.6,14.0,10.8,1.0,1.9,15.2,16.3,,0.0,0.4,0.4,.044,,-4.1,-0.2,-4.4,-0.3
304,Adrian Griffin\griffad01,SF,26,BOS,44,377,10.5,.432,.268,.247,8.0,19.4,13.5,11.7,2.5,1.0,14.3,15.1,,0.0,0.5,0.4,.056,,-2.5,0.1,-2.4,0.0
305,Anfernee Hardaway\hardaan01,SG,29,PHO,4,112,16.6,.477,.222,.306,5.0,13.4,9.1,22.0,2.8,0.6,6.8,17.5,,0.2,0.2,0.4,.155,,0.7,2.4,3.0,0.1
306,Eddie House\houseed01,PG,22,MIA,50,550,11.6,.478,.223,.142,1.1,8.0,4.5,19.4,1.3,0.0,11.8,26.2,,-0.2,0.6,0.4,.035,,-2.4,-0.9,-3.3,-0.2
307,Tyronn Lue\luety01,PG,23,LAL,38,468,8.7,.510,.291,.205,1.2,6.4,3.9,14.3,2.1,0.0,17.5,14.8,,0.2,0.2,0.4,.042,,-3.6,-0.4,-4.0,-0.2
308,Roshown McLeod\mcleoro01,SF,25,TOT,35,922,10.5,.475,.066,.154,4.6,10.0,7.3,11.0,1.3,0.6,14.1,20.0,,-0.1,0.5,0.4,.019,,-2.6,-0.8,-3.4,-0.3
309,Hanno Möttölä\mottoha01,SF,24,ATL,73,989,7.5,.504,.011,.325,5.5,14.2,9.8,4.2,0.6,0.6,17.5,17.3,,-0.1,0.5,0.4,.018,,-5.1,-1.5,-6.6,-1.1
310,Olumide Oyedeji\oyedeol01,C,19,SEA,30,221,10.6,.532,.000,.324,12.5,22.2,17.4,1.3,1.7,3.3,20.6,10.9,,0.1,0.3,0.4,.090,,-3.8,0.0,-3.8,-0.1
311,Scott Padgett\padgesc01,PF,24,UTA,27,127,17.6,.541,.209,.465,18.9,19.1,19.0,6.5,2.5,1.9,16.2,22.4,,0.2,0.2,0.4,.158,,0.4,-1.8,-1.4,0.0
312,Felton Spencer\spencfe01,C,33,NYK,18,113,13.5,.629,.000,1.250,17.7,19.7,18.7,3.0,1.0,1.4,26.2,18.2,,0.2,0.2,0.4,.152,,-4.4,-0.2,-4.6,-0.1
313,Gary Trent\trentga01,PF,26,DAL,33,319,13.8,.456,.008,.277,14.0,18.1,16.1,5.2,2.1,1.8,13.1,23.9,,-0.1,0.5,0.4,.057,,-3.2,-1.2,-4.3,-0.2
314,Rafer Alston\alstora01,PG,24,MIL,37,288,12.1,.429,.357,.155,1.6,10.6,6.1,34.6,2.4,0.0,18.2,17.2,,0.1,0.2,0.3,.055,,-1.6,-0.5,-2.1,0.0
315,Earl Boykins\boykiea01,PG,24,LAC,10,149,17.2,.461,.127,.270,3.2,5.2,4.2,38.7,1.8,0.0,11.3,24.7,,0.2,0.1,0.3,.089,,1.3,-1.1,0.2,0.1
316,Todd Day\dayto01,SG,31,MIN,31,345,10.1,.515,.585,.195,3.3,9.0,6.1,12.2,1.5,1.4,15.8,19.9,,0.1,0.2,0.3,.048,,-1.3,-0.9,-2.1,0.0
317,A.J. Guyton\guytoaj01,PG,22,CHI,33,630,10.3,.495,.359,.094,1.8,5.1,3.4,18.1,0.8,0.6,10.7,16.5,,0.4,-0.1,0.3,.020,,-0.8,-3.2,-4.0,-0.3
318,Grant Hill*\hillgr01,SF,28,ORL,4,133,18.1,.505,.023,.605,6.5,14.5,10.4,30.7,1.9,1.1,16.8,21.8,,0.2,0.2,0.3,.126,,3.3,2.0,5.2,0.2
319,Quincy Lewis\lewisqu01,SF,23,UTA,35,402,7.1,.469,.203,.171,4.4,10.0,7.2,7.2,1.3,2.0,11.4,17.1,,0.0,0.3,0.3,.041,,-4.3,-0.2,-4.5,-0.3
320,Chris Mullin*\mullich01,SF,37,GSW,20,374,10.0,.486,.491,.264,2.6,9.6,5.8,7.9,2.2,1.9,13.8,15.5,,0.1,0.2,0.3,.034,,-1.9,-0.1,-2.0,0.0
321,Tyrone Nesby\nesbyty01,SF-SG,25,TOT,62,1556,8.9,.444,.340,.200,3.8,9.2,6.5,8.2,1.7,0.9,10.1,18.5,,-0.2,0.5,0.3,.008,,-2.5,-1.1,-3.6,-0.6
322,Will Perdue\perduwi01,C,35,POR,13,58,18.5,.651,.000,.444,12.8,23.9,18.5,5.3,2.8,2.6,0.0,8.6,,0.2,0.1,0.3,.245,,1.6,1.7,3.3,0.1
323,Laron Profit\profila01,PG,23,WAS,35,605,11.7,.470,.183,.317,3.4,9.1,6.2,23.5,3.1,1.3,22.1,15.3,,-0.1,0.4,0.3,.023,,-1.4,0.4,-1.0,0.2
324,Pepe Sánchez\sanchpe01,PG,23,TOT,29,150,12.6,.346,.036,.071,2.3,8.9,5.6,41.3,3.9,0.5,17.2,10.5,,0.1,0.2,0.3,.107,,-2.2,2.8,0.6,0.1
325,Brian Skinner\skinnbr01,PF,24,LAC,39,584,10.4,.428,.000,.366,11.1,21.5,16.5,5.0,1.3,1.3,14.6,17.3,,-0.3,0.6,0.3,.028,,-3.3,-1.0,-4.2,-0.3
326,Derek Strong\stronde01,PF,32,LAC,28,491,8.8,.443,.009,.316,8.2,16.8,12.6,2.3,1.5,0.1,14.2,14.6,,-0.1,0.4,0.3,.026,,-2.5,-0.1,-2.6,-0.1
327,John Wallace\wallajo01,SF,26,DET,40,527,11.2,.463,.064,.191,5.0,12.0,8.4,8.0,1.3,2.1,12.3,24.0,,-0.3,0.6,0.3,.027,,-3.2,-0.4,-3.6,-0.2
328,Dee Brown\brownde01,PG,32,ORL,7,155,9.0,.519,.727,.114,0.0,8.1,3.9,11.9,1.3,0.0,13.2,15.2,,0.1,0.1,0.2,.059,,-1.4,-1.0,-2.4,0.0
329,Vonteego Cummings\cummivo01,PG,24,GSW,66,1495,10.4,.425,.277,.224,3.1,7.0,4.9,24.4,2.3,0.7,13.8,18.6,,-0.2,0.4,0.2,.007,,-2.6,-0.8,-3.4,-0.5
330,Bill Curley\curlebi01,PF,28,TOT,20,192,10.5,.569,.043,.404,10.7,9.6,10.2,2.6,1.9,3.3,22.4,15.8,,0.0,0.1,0.2,.038,,-5.0,-0.2,-5.2,-0.2
331,Ricky Davis\davisri01,SG,21,MIA,7,70,18.9,.492,.034,.276,1.7,10.2,5.9,31.0,3.9,2.2,13.3,26.0,,0.1,0.1,0.2,.139,,-0.2,3.3,3.0,0.1
332,Terry Davis\daviste01,PF,33,DEN,19,228,6.7,.476,.000,.880,11.3,14.0,12.6,4.4,0.2,0.3,12.6,7.8,,0.2,0.0,0.2,.051,,-3.7,-1.8,-5.6,-0.2
333,Sherman Douglas\douglsh01,PG,34,NJN,59,1094,9.9,.478,.132,.380,2.1,5.7,3.9,22.2,1.7,0.3,18.3,17.9,,-0.1,0.3,0.2,.007,,-2.5,-1.4,-3.9,-0.5
334,Jamie Feick\feickja01,C,26,NJN,6,149,10.2,.389,.000,.522,9.0,34.9,21.6,5.2,2.8,1.5,19.8,10.7,,-0.1,0.3,0.2,.050,,-2.3,0.5,-1.8,0.0
335,Antonio Harvey\harvean01,PF,30,POR,12,72,17.0,.506,.000,.214,8.6,14.4,11.6,9.6,0.7,6.2,8.9,21.7,,0.1,0.1,0.2,.135,,-1.2,0.0,-1.2,0.0
336,Jaren Jackson\jacksja01,SG,33,SAS,16,114,10.4,.477,.450,.050,1.0,10.4,6.0,10.5,2.4,0.0,6.8,18.1,,0.0,0.2,0.2,.087,,-2.8,1.1,-1.7,0.0
337,Sam Jacobson\jacobsa01,PG,25,MIN,14,59,10.7,.518,.000,.167,5.8,5.9,5.8,10.6,2.7,0.0,0.0,14.8,,0.1,0.0,0.2,.147,,-5.9,1.6,-4.3,0.0
338,Don MacLean\macledo01,SF,31,MIA,8,76,16.3,.613,.100,.600,11.0,17.2,14.1,9.6,3.6,1.0,28.3,22.5,,0.0,0.2,0.2,.120,,-1.2,2.0,0.8,0.1
339,Ira Newble\newblir01,SF,26,SAS,27,184,8.9,.435,.164,.291,8.4,12.9,10.8,5.3,0.6,1.5,10.1,17.6,,0.0,0.2,0.2,.055,,-2.8,-1.2,-4.0,-0.1
340,Chris Porter\portech01,SF,22,GSW,51,1147,11.1,.434,.011,.317,7.6,10.1,8.7,9.0,2.0,0.4,10.4,20.8,,-0.1,0.3,0.2,.008,,-2.7,-1.8,-4.5,-0.7
341,Shawnelle Scott\scottsh01,C,28,SAS,27,144,12.0,.424,.000,.537,19.0,20.2,19.6,4.6,1.9,2.9,17.8,20.1,,-0.1,0.3,0.2,.071,,-4.5,-0.6,-5.1,-0.1
342,Jabari Smith\smithja01,C,23,SAC,9,66,14.7,.528,.000,.273,1.7,11.1,6.5,14.8,3.1,0.0,10.9,18.5,,0.1,0.1,0.2,.126,,-2.3,0.4,-1.9,0.0
343,Vladimir Stepania\stepavl01,C,24,NJN,29,280,12.2,.398,.045,.386,14.0,31.2,22.4,9.4,1.9,2.9,15.6,19.8,,-0.2,0.4,0.2,.035,,-3.8,-0.7,-4.5,-0.2
344,Bruno Šundov\sundobr01,C,20,IND,11,120,11.0,.498,.098,.122,3.9,17.4,10.9,3.1,0.9,2.4,6.5,18.0,,0.1,0.1,0.2,.079,,-4.0,-0.3,-4.3,-0.1
345,Etdrick Bohannon\bohanet01,PF,27,CLE,6,19,22.4,.694,.000,1.000,18.3,24.3,21.3,0.0,0.0,7.7,14.8,16.1,,0.1,0.0,0.1,.276,,1.0,0.7,1.7,0.0
346,Scott Burrell\burresc01,SF,30,CHH,4,41,12.8,.507,.400,.267,2.8,5.5,4.2,4.6,3.9,0.0,0.0,18.8,,0.1,0.1,0.1,.135,,-2.5,2.2,-0.2,0.0
347,John Crotty\crottjo01,PG,31,UTA,31,264,7.2,.443,.108,.292,6.2,6.9,6.6,19.4,1.2,0.0,20.6,16.1,,0.0,0.1,0.1,.019,,-3.3,-1.8,-5.2,-0.2
348,Anthony Goldwire\goldwan01,PG,29,DEN,20,201,12.6,.469,.425,.213,0.5,6.0,3.2,28.0,2.3,0.0,14.6,22.7,,0.0,0.1,0.1,.023,,-0.9,-1.3,-2.2,0.0
349,Gary Grant\grantga01,PG,35,POR,4,17,22.8,.714,.000,.000,0.0,0.0,0.0,12.6,0.0,0.0,0.0,19.1,,0.1,0.0,0.1,.209,,2.8,0.2,3.0,0.0
350,Donnell Harvey\harvedo01,PF,20,DAL,18,65,9.8,.523,.000,1.143,10.6,23.4,17.2,4.7,2.4,1.1,25.0,19.6,,-0.1,0.1,0.1,.039,,-6.6,0.1,-6.5,-0.1
351,Troy Hudson\hudsotr01,PG,24,ORL,75,1008,10.2,.427,.293,.280,4.1,7.6,5.8,25.5,1.9,0.2,18.0,22.4,,-0.7,0.8,0.1,.003,,-2.6,-1.7,-4.3,-0.6
352,Jim Jackson\jacksji01,SF,30,TOT,56,1690,10.7,.455,.127,.267,3.6,11.6,7.6,16.4,1.6,0.4,15.5,22.3,,-0.8,1.0,0.1,.003,,-2.2,-1.3,-3.4,-0.6
353,Tim James\jamesti01,SF,24,CHH,30,197,5.8,.387,.058,.269,8.7,11.5,10.1,6.5,0.5,1.9,12.1,15.5,,-0.1,0.2,0.1,.022,,-5.9,-1.1,-6.9,-0.2
354,Jim McIlvaine\mcilvji01,C,28,NJN,18,193,6.2,.421,.000,.429,4.6,16.5,10.4,3.2,1.9,5.8,21.3,9.9,,-0.2,0.2,0.1,.015,,-6.9,2.0,-4.9,-0.1
355,Stanislav Medvedenko\medvest01,PF,21,LAL,7,39,21.8,.528,.040,.480,2.9,22.9,13.0,10.8,1.3,1.8,9.0,38.2,,0.1,0.0,0.1,.126,,-1.3,-0.9,-2.3,0.0
356,Chris Mills\millsch01,SF,31,GSW,15,493,9.6,.435,.131,.188,4.8,16.2,10.0,6.1,0.9,0.7,8.8,19.4,,0.0,0.1,0.1,.007,,-2.8,-1.6,-4.4,-0.3
357,Joel Przybilla\przybjo01,C,21,MIL,33,270,5.9,.339,.000,.314,12.3,17.5,14.9,1.0,0.6,8.2,24.6,8.9,,-0.2,0.3,0.1,.018,,-6.8,0.6,-6.3,-0.3
358,J.R. Reid\reidjr01,PF,32,CLE,6,39,15.7,.587,.000,1.600,14.9,8.9,11.9,3.8,2.7,1.9,10.5,11.0,,0.1,0.0,0.1,.174,,1.1,0.4,1.5,0.0
359,Soumaila Samake\samakso01,C,22,NJN,34,226,9.0,.393,.000,.500,10.9,16.2,13.5,0.7,0.5,4.6,6.4,12.6,,0.0,0.2,0.1,.028,,-2.9,-0.9,-3.9,-0.1
360,Michael Stewart\stewami01,C,25,TOR,26,123,8.7,.394,.000,.529,14.3,12.2,13.3,2.4,1.7,1.7,10.7,17.1,,0.0,0.1,0.1,.036,,-4.6,-1.8,-6.5,-0.1
361,Bob Sura\surabo01,SG,27,GSW,53,1684,11.2,.487,.332,.365,3.1,11.9,7.1,23.1,1.6,0.3,21.0,19.1,,-0.3,0.4,0.1,.003,,-2.0,-1.3,-3.3,-0.6
362,David Wingate\wingada01,SG,37,SEA,1,9,35.8,1.000,.000,.000,0.0,0.0,0.0,51.5,0.0,0.0,0.0,15.0,,0.1,0.0,0.1,.448,,10.7,4.6,15.3,0.0
363,Wang Zhizhi\zhizhwa01,C,23,DAL,5,38,14.9,.513,.105,.526,3.0,17.2,10.3,0.0,0.0,0.0,4.1,29.2,,0.1,0.0,0.1,.122,,-4.6,-4.2,-8.8,-0.1
364,John Amaechi\amaecjo01,C,30,ORL,82,1710,8.7,.455,.012,.471,4.9,12.7,8.7,7.0,0.8,1.2,14.8,21.7,,-1.3,1.4,0.0,.001,,-4.3,-1.8,-6.1,-1.7
365,Nick Anderson\anderni01,SG,33,SAC,21,169,6.4,.333,.684,.000,2.0,13.7,8.0,11.0,3.0,1.6,10.9,16.7,,-0.3,0.3,0.0,-0.011,,-4.6,1.4,-3.2,-0.1
366,William Avery\averywi01,PG,21,MIN,55,463,9.0,.482,.410,.250,1.2,6.0,3.6,24.0,1.5,0.6,22.0,20.0,,-0.2,0.2,0.0,-0.003,,-2.6,-2.0,-4.6,-0.3
367,Ira Bowman\bowmair01,PG,27,ATL,3,19,9.2,.000,.000,.000,5.8,5.9,5.9,50.5,0.0,0.0,33.3,7.1,,0.0,0.0,0.0,-0.024,,0.0,-1.7,-1.7,0.0
368,Mark Bryant\bryanma01,PF,35,DAL,18,101,2.1,.428,.000,.250,4.5,18.3,11.6,4.2,0.5,1.4,18.4,12.2,,-0.1,0.1,0.0,.005,,-9.0,-0.2,-9.2,-0.2
369,Brian Cardinal\cardibr01,PF,23,DET,15,126,4.7,.398,.161,.581,6.7,13.0,9.8,3.6,2.8,1.1,18.8,16.5,,-0.2,0.2,0.0,-0.009,,-7.7,1.4,-6.3,-0.1
370,Duane Causwell\causwdu01,C,32,MIA,31,384,4.8,.396,.000,.294,7.1,18.6,12.8,2.2,1.1,3.6,19.3,15.0,,-0.7,0.7,0.0,.002,,-7.5,0.8,-6.7,-0.5
371,Bimbo Coles\colesbi01,PG,32,CLE,47,804,9.3,.440,.067,.234,1.3,5.6,3.5,27.9,1.8,0.5,18.3,18.1,,-0.3,0.3,0.0,.000,,-3.3,-1.5,-4.8,-0.6
372,Jason Collier\collija02,C,23,HOU,23,222,7.4,.435,.014,.338,6.4,12.7,9.6,4.4,0.5,0.9,11.9,19.2,,-0.1,0.1,0.0,-0.001,,-4.5,-2.0,-6.5,-0.2
373,Pervis Ellison\ellispe01,C,33,SEA,9,40,2.4,.381,.000,.286,5.8,28.6,17.2,10.5,0.0,3.6,27.6,12.3,,-0.1,0.0,0.0,-0.013,,-9.0,1.5,-7.5,-0.1
374,Todd Fuller\fulleto02,C,26,MIA,10,77,9.3,.363,.000,.229,10.8,17.0,13.9,2.4,2.1,2.0,7.2,26.1,,-0.1,0.1,0.0,-0.002,,-6.4,-2.3,-8.7,-0.1
375,Rubén Garcés\garceru01,PF,27,TOT,13,73,9.7,.313,.000,.364,23.7,20.6,22.2,10.5,2.1,2.0,16.4,18.4,,-0.1,0.1,0.0,.009,,-4.1,-0.8,-4.9,-0.1
376,Eddie Gill\gilled01,PG,22,NJN,8,152,8.9,.451,.220,.122,0.0,7.0,3.4,26.3,1.4,0.5,18.8,15.9,,-0.1,0.0,0.0,-0.010,,-2.8,-1.9,-4.7,-0.1
377,Zendon Hamilton\hamilze01,C,25,LAC,3,19,5.7,.359,.000,.889,18.6,29.3,24.1,0.0,0.0,0.0,13.8,35.3,,-0.1,0.0,0.0,-0.119,,-8.9,-6.1,-15.0,-0.1
378,Jason Hart\hartja01,PG,22,MIL,1,10,1.7,1.000,.000,.000,0.0,0.0,0.0,14.6,0.0,0.0,66.7,13.6,,0.0,0.0,0.0,-0.159,,-5.7,-4.4,-10.2,0.0
379,Michael Hawkins\hawkimi01,PG,28,CLE,10,76,3.7,.444,.444,.000,3.1,4.6,3.8,24.8,1.4,0.0,40.0,8.9,,0.0,0.0,0.0,-0.022,,-4.7,-0.6,-5.3,-0.1
380,Chris Herren\herrech01,PG,25,BOS,25,408,6.1,.410,.573,.125,1.1,5.1,3.0,21.9,1.8,0.0,16.5,13.5,,-0.2,0.2,0.0,.001,,-4.0,-1.2,-5.2,-0.3
381,DerMarr Johnson\johnsde03,SF,20,ATL,78,1313,8.4,.463,.326,.223,4.7,10.4,7.6,7.9,1.7,1.6,17.8,17.7,,-0.9,0.9,0.0,.000,,-2.8,-0.8,-3.5,-0.5
382,Randy Livingston\livinra01,PG,25,GSW,2,7,-3.7,.000,.500,.000,0.0,16.5,7.6,19.2,0.0,0.0,0.0,12.1,,0.0,0.0,0.0,-0.222,,-11.2,-4.4,-15.6,0.0
383,Luc Longley\longllu01,C,32,NYK,25,301,3.7,.399,.000,.315,10.8,15.6,13.3,3.7,0.6,2.4,26.4,13.6,,-0.5,0.5,0.0,.000,,-7.0,0.6,-6.4,-0.3
384,Vernon Maxwell\maxweve01,PG,35,TOT,43,660,6.7,.424,.498,.143,0.7,10.3,5.6,11.6,1.7,0.3,12.9,18.7,,-0.6,0.7,0.0,.003,,-3.5,0.1,-3.3,-0.2
385,Dan McClintock\mcclida01,C,23,DEN,6,58,9.9,.446,.000,.278,18.5,13.3,15.9,2.9,0.0,2.4,12.9,17.8,,0.0,0.0,0.0,.007,,-4.6,-3.3,-7.9,-0.1
386,Anthony Miller\millean01,PF,29,TOT,4,11,0.9,.500,.000,.000,0.0,20.4,10.1,0.0,0.0,0.0,33.3,12.2,,0.0,0.0,0.0,-0.082,,-7.5,-2.4,-9.9,0.0
387,Eric Montross\montrer01,C,29,TOT,54,649,5.4,.396,.000,.225,8.5,20.5,14.4,4.5,0.9,2.8,21.3,12.9,,-0.9,0.9,0.0,-0.001,,-6.6,-0.1,-6.7,-0.8
388,Mamadou N'Diaye\ndiayma02,C,25,TOR,3,10,6.6,.410,.000,.500,11.0,11.6,11.3,0.0,0.0,0.0,0.0,21.8,,0.0,0.0,0.0,.083,,-7.1,-4.7,-11.7,0.0
389,Andy Panko\pankoan01,SF,23,ATL,1,1,0.0,,,,0.0,0.0,0.0,0.0,0.0,0.0,,0.0,,0.0,0.0,0.0,-0.017,,-3.2,-2.9,-6.2,0.0
390,Brent Price\pricebr01,PG,32,VAN,6,30,9.4,.462,.364,.636,3.8,11.4,7.6,26.6,3.5,0.0,22.1,27.5,,0.0,0.0,0.0,-0.003,,-5.8,0.3,-5.5,0.0
391,Eldridge Recasner\recasel01,PG,33,CHH,43,403,6.2,.422,.342,.158,3.7,10.4,7.1,15.9,0.8,0.2,18.1,17.0,,-0.4,0.4,0.0,-0.004,,-3.8,-1.1,-4.9,-0.3
392,James Robinson\robinja02,PG,30,ORL,6,50,5.1,.455,.455,.000,0.0,18.2,8.9,0.0,4.1,1.5,26.7,13.3,,-0.1,0.1,0.0,-0.017,,-7.9,2.0,-5.9,-0.1
393,David Vanterpool\vanteda01,PG,27,WAS,22,411,10.9,.462,.055,.455,4.2,6.4,5.3,26.4,2.9,0.5,21.9,18.3,,-0.2,0.2,0.0,.000,,-2.7,-0.9,-3.7,-0.2
394,Jake Voskuhl\voskuja01,C,23,CHI,16,143,5.8,.481,.000,.560,9.6,19.0,14.1,5.7,1.9,3.1,27.8,14.0,,-0.2,0.1,0.0,-0.007,,-8.7,-1.2,-9.9,-0.3
395,Cory Alexander\alexaco01,PG,27,ORL,26,227,6.3,.407,.286,.321,0.0,12.5,6.1,23.5,3.6,0.0,28.1,17.3,,-0.5,0.3,-0.1,-0.031,,-7.2,1.2,-6.0,-0.2
396,Erick Barkley\barkler01,PG,22,POR,8,38,10.3,.432,.364,.000,0.0,9.1,4.7,28.8,2.8,0.0,18.5,33.0,,-0.1,0.0,-0.1,-0.075,,-4.6,-3.2,-7.7,-0.1
397,Raja Bell\bellra01,SG,24,PHI,5,30,-0.6,.357,.429,.000,0.0,3.7,1.9,0.0,1.8,0.0,22.2,13.6,,-0.1,0.0,-0.1,-0.091,,-7.2,-2.2,-9.4,-0.1
398,Jonathan Bender\bendejo01,SF,20,IND,59,574,7.6,.447,.220,.366,2.9,11.5,7.3,9.4,0.7,3.5,16.3,21.0,,-0.7,0.5,-0.1,-0.012,,-4.4,-0.3,-4.7,-0.4
399,Muggsy Bogues\boguemu01,PG,36,TOR,3,34,-0.5,.000,.500,.000,0.0,10.2,5.0,19.3,3.1,0.0,66.7,7.9,,-0.1,0.0,-0.1,-0.128,,-8.9,1.7,-7.2,0.0
400,Calbert Cheaney\cheanca01,SG,29,DEN,9,153,4.1,.340,.000,.067,3.5,10.8,7.1,8.6,1.4,0.9,13.9,10.5,,-0.2,0.1,-0.1,-0.035,,-5.6,0.0,-5.6,-0.1
401,Mateen Cleaves\cleavma01,PG,23,DET,78,1268,9.0,.458,.043,.343,2.2,9.1,5.6,26.8,2.0,0.1,23.2,20.5,,-1.3,1.2,-0.1,-0.006,,-4.5,-0.7,-5.2,-1.0
402,John Coker\cokerjo01,C,29,GSW,6,32,-2.8,.125,.000,.000,9.2,7.2,8.3,8.8,1.6,0.0,20.0,13.2,,-0.1,0.0,-0.1,-0.192,,-8.8,-4.0,-12.9,-0.1
403,Sean Colson\colsose01,PG,25,TOT,13,44,6.8,.291,.208,.167,5.4,10.2,7.7,38.7,1.2,0.0,7.2,28.8,,-0.1,0.0,-0.1,-0.106,,-5.7,-3.2,-8.9,-0.1
404,Kevin Edwards\edwarke01,SG,35,VAN,46,634,8.3,.414,.112,.312,4.2,10.6,7.4,12.9,2.4,0.9,16.1,16.6,,-0.6,0.5,-0.1,-0.011,,-3.7,0.5,-3.2,-0.2
405,Steve Goodrich\goodrst01,PF,24,CHI,12,133,4.1,.451,.167,.389,6.0,13.0,9.4,7.1,0.8,0.6,27.5,10.2,,-0.1,0.0,-0.1,-0.038,,-4.9,-2.6,-7.5,-0.2
406,Tom Hammonds\hammoto01,PF,33,MIN,7,30,-4.9,.322,.000,.200,7.5,7.7,7.6,4.8,0.0,0.0,21.6,20.9,,-0.1,0.0,-0.1,-0.187,,-12.8,-4.7,-17.5,-0.1
407,Garth Joseph\josepga01,C,27,TOT,4,16,-5.0,.170,.000,.400,13.7,0.0,7.0,9.8,0.0,4.3,25.4,22.0,,-0.1,0.0,-0.1,-0.345,,-13.6,-6.3,-19.9,-0.1
408,Lari Ketner\ketnela01,PF,23,IND,3,7,-10.6,,,,0.0,0.0,0.0,20.2,0.0,0.0,100.0,13.3,,-0.1,0.0,-0.1,-0.383,,-13.9,-1.5,-15.4,0.0
409,Dan Langhi\langhda01,SF,23,HOU,33,241,9.4,.403,.010,.293,6.4,13.1,9.8,2.8,1.5,0.3,6.7,22.9,,-0.2,0.2,-0.1,-0.014,,-4.0,-2.3,-6.3,-0.3
410,Art Long\longar01,SF,28,SAC,9,20,-3.6,.000,.000,.500,11.1,31.5,21.5,6.4,0.0,10.0,29.1,15.2,,-0.1,0.1,-0.1,-0.214,,-14.6,1.7,-12.8,-0.1
411,Lavor Postell\postela01,SG,22,NYK,26,169,7.2,.448,.204,.500,5.9,11.8,8.9,5.0,1.3,1.0,20.5,24.0,,-0.3,0.2,-0.1,-0.027,,-4.2,-0.9,-5.1,-0.1
412,Michael Redd\reddmi01,SG,21,MIL,6,35,3.4,.300,.158,.316,9.8,3.2,6.5,4.4,1.5,0.0,4.4,29.3,,-0.1,0.0,-0.1,-0.163,,-6.2,-5.2,-11.4,-0.1
413,Terrance Roberson\roberte01,SF,24,CHH,3,13,-15.0,.000,.500,.000,0.0,8.7,4.4,10.9,0.0,0.0,50.0,14.2,,-0.1,0.0,-0.1,-0.334,,-18.7,-2.4,-21.1,-0.1
414,Mike Smith\smithmi03,SF,24,WAS,17,180,8.1,.386,.305,.271,6.4,7.9,7.2,9.0,1.4,1.2,9.6,18.1,,-0.1,0.0,-0.1,-0.033,,-1.6,-2.5,-4.2,-0.1
415,Doug West\westdo01,SG,33,VAN,15,171,4.2,.341,.053,.184,2.7,7.3,5.0,12.4,0.9,1.6,8.9,12.0,,-0.1,0.0,-0.1,-0.028,,-5.1,0.2,-4.8,-0.1
416,Rubén Wolkowyski\wolkoru01,PF,27,SEA,34,305,6.4,.399,.025,.430,4.5,12.7,8.7,1.4,1.0,4.3,11.3,15.7,,-0.3,0.2,-0.1,-0.012,,-5.3,-0.6,-5.9,-0.3
417,Rick Brunson\brunsri01,PG,28,TOT,22,208,6.3,.380,.259,.278,2.9,9.2,6.0,24.2,2.0,0.4,21.9,17.4,,-0.4,0.2,-0.2,-0.039,,-4.9,-0.2,-5.1,-0.2
418,Anthony Johnson\johnsan02,PG,26,TOT,53,511,8.1,.390,.033,.217,2.2,7.6,4.9,24.5,2.4,0.8,17.0,17.6,,-0.5,0.3,-0.2,-0.019,,-4.4,0.1,-4.3,-0.3
419,Terry Mills\millste01,PF,33,IND,14,113,1.1,.368,.500,.000,4.1,16.5,10.5,7.2,1.4,0.6,22.7,18.2,,-0.4,0.1,-0.2,-0.096,,-7.8,-0.4,-8.2,-0.2
420,Jamal Robinson\robinja03,SF,27,MIA,6,72,-1.9,.136,.091,.000,5.0,13.2,9.1,4.4,4.6,0.0,12.0,16.8,,-0.4,0.2,-0.2,-0.166,,-10.9,1.1,-9.9,-0.1
421,Tony Smith\smithto02,SG,32,ATL,6,78,3.8,.356,.087,.087,2.8,1.4,2.1,20.5,4.7,0.0,27.4,18.8,,-0.3,0.1,-0.2,-0.110,,-8.5,-0.1,-8.6,-0.1
422,Dragan Tarlać\tarladr01,C,27,CHI,43,598,5.6,.454,.000,.333,7.1,17.5,12.1,8.4,0.6,2.4,25.1,11.8,,-0.4,0.2,-0.2,-0.016,,-6.2,-1.1,-7.3,-0.8
423,Jamel Thomas\thomaja01,SF,27,NJN,5,56,0.8,.342,.158,.000,8.0,10.6,9.2,0.0,2.8,0.0,24.0,20.2,,-0.2,0.0,-0.2,-0.171,,-7.7,-2.1,-9.8,-0.1
424,Tyrone Corbin\corbity01,SF,38,TOR,15,117,-2.2,.252,.132,.105,2.8,9.9,6.3,5.0,0.9,0.0,7.0,16.3,,-0.4,0.1,-0.3,-0.126,,-9.8,-3.1,-12.9,-0.3
425,Devean George\georgde01,SF,23,LAL,59,593,6.2,.394,.329,.266,6.7,14.1,10.5,4.8,1.3,1.8,12.8,20.0,,-0.7,0.4,-0.3,-0.023,,-5.6,-2.0,-7.6,-0.8
426,Travis Knight\knightr01,C,26,NYK,45,256,0.9,.238,.019,.340,9.3,15.6,12.5,3.0,1.1,3.5,14.1,13.5,,-0.7,0.5,-0.3,-0.049,,-8.6,0.0,-8.6,-0.4
427,Jérôme Moïso\moisoje01,C,22,BOS,24,135,3.2,.422,.033,.867,9.9,27.1,18.1,3.6,1.2,2.3,30.3,20.0,,-0.4,0.2,-0.3,-0.096,,-9.5,-0.8,-10.3,-0.3
428,Doug Overton\overtdo01,PG,31,TOT,21,475,7.5,.428,.259,.115,0.9,8.8,4.7,25.5,0.9,0.0,17.5,16.9,,-0.4,0.1,-0.3,-0.026,,-3.3,-2.3,-5.6,-0.4
429,Tariq Abdul-Wahad\abdulta01,SG,26,DEN,29,420,5.8,.438,.090,.324,3.6,11.8,7.6,8.1,1.7,2.1,21.1,17.1,,-0.7,0.3,-0.4,-0.049,,-5.6,-0.3,-5.8,-0.4
430,Bryce Drew\drewbr01,PG,26,CHI,48,1305,7.9,.450,.321,.058,1.1,5.4,3.1,24.0,1.3,0.2,16.9,14.4,,-0.3,-0.1,-0.4,-0.015,,-2.9,-2.1,-4.9,-1.0
431,Chris Garner\garnech01,PG,25,GSW,8,149,1.0,.240,.189,.162,1.3,7.8,4.3,17.4,2.4,0.5,18.5,13.8,,-0.4,0.0,-0.4,-0.123,,-9.8,-2.1,-12.0,-0.4
432,Kendall Gill\gillke01,SG,32,NJN,31,892,10.1,.390,.043,.279,4.0,13.1,8.4,16.7,2.8,0.6,11.7,20.9,,-1.1,0.8,-0.4,-0.021,,-3.0,0.3,-2.7,-0.2
433,Michael Olowokandi\olowomi01,C,25,LAC,82,2127,10.0,.451,.000,.220,9.3,18.7,14.1,3.7,0.8,3.6,17.9,20.5,,-2.6,2.2,-0.4,-0.008,,-4.7,-0.8,-5.5,-1.9
434,DeShawn Stevenson\stevede01,SG,19,UTA,40,293,4.3,.413,.132,.418,3.9,7.9,5.9,9.6,1.8,0.6,20.6,21.3,,-0.6,0.2,-0.4,-0.071,,-6.0,-1.7,-7.7,-0.4
435,Isaac Austin\austiis01,C,31,VAN,52,845,8.3,.393,.089,.148,6.8,23.1,15.0,11.2,1.2,1.9,15.8,18.5,,-1.3,0.9,-0.5,-0.026,,-4.4,0.1,-4.3,-0.5
436,Corey Benjamin\benjaco01,PG,22,CHI,65,857,8.8,.453,.268,.275,5.1,8.9,6.9,14.6,1.8,1.4,15.7,21.8,,-0.8,0.3,-0.5,-0.028,,-3.5,-1.6,-5.1,-0.7
437,Erick Dampier\dampier01,C,25,GSW,43,1038,10.0,.432,.006,.401,9.2,17.0,12.8,9.2,0.8,4.0,18.2,18.4,,-1.0,0.6,-0.5,-0.021,,-4.4,-0.8,-5.2,-0.8
438,Dalibor Bagarić\bagarda01,C,20,CHI,35,259,3.3,.304,.015,.431,9.7,16.2,12.8,6.2,1.9,4.6,21.4,17.6,,-0.9,0.2,-0.7,-0.121,,-8.9,-1.2,-10.0,-0.5
439,Marcus Fizer\fizerma01,PF,22,CHI,72,1580,11.0,.476,.060,.249,5.5,18.5,11.8,9.4,1.0,0.9,14.7,24.7,,-1.3,0.6,-0.7,-0.022,,-3.3,-2.8,-6.1,-1.6
440,Cedric Henderson\hendece02,SF,25,CLE,55,961,6.2,.416,.031,.176,2.3,8.5,5.4,13.2,1.6,1.7,18.2,16.2,,-1.3,0.5,-0.7,-0.037,,-4.5,-0.3,-4.8,-0.7
441,Jamal Crawford\crawfja01,PG,20,CHI,61,1050,8.5,.442,.385,.112,1.0,9.4,5.0,23.0,2.2,1.0,21.0,17.9,,-1.3,0.4,-0.9,-0.043,,-2.9,-1.5,-4.4,-0.6